slug: archive:news
title: "Новости сайта"
tags: []
21	942520145	1567846685	4518363
20	899722812	1565015411	4518363
19	872888164	1561652836	4473061
18	872887113	1561649393	4518363
17	579870801	1546970651	4473061
16	579866322	1546970578	4473061
15	538939787	1545918076	4473061
14	160097621	1538869517	4473061
13	149438278	1538339331	4473061
12	148420070	1537797192	4473061
11	148416034	1537792638	2785939
10	148096901	1537626106	4473061
9	148096543	1537625646	4473061
8	147994027	1537543416	4473061
7	147992123	1537540314	4473061
6	147992116	1537540299	4473061
5	147709215	1537014552	4473061
4	147577566	1536964018	4473061
3	147501941	1536873713	4473061
2	147496939	1536866304	4473061
1	147471141	1536844614	4473061
0	147471043	1536844540	4473061
