slug: draft:kirrex
title: ""
tags: []
33	521878139	1544867558	4671792
32	148556098	1537974025	4671792
31	148553945	1537972979	4671792
30	148526638	1537937414	4671792
29	148526621	1537937383	4671792
28	148503255	1537897040	4671792
27	148503108	1537896837	4671792
26	148500777	1537893812	4671792
25	148498059	1537889876	4671792
24	148497836	1537889626	4671792
23	148494117	1537886913	4671792
22	148489258	1537885179	4671792
21	148462554	1537862421	4671792
20	148462509	1537862399	4671792
19	148462501	1537862373	4671792
18	148462488	1537862325	4671792
17	148462481	1537862302	4671792
16	148462373	1537862249	4671792
15	148462354	1537862199	4671792
14	148462330	1537862165	4671792
13	148462178	1537861927	4671792
12	148461955	1537861595	4671792
11	148460174	1537858618	4671792
10	148459978	1537858261	4671792
9	148458609	1537856417	4671792
8	148455355	1537851842	4671792
7	148432136	1537815607	4671792
6	148430491	1537812988	4671792
5	148424202	1537802131	4671792
4	148423992	1537801846	4671792
3	148422991	1537800356	4671792
2	148420020	1537797111	4671792
1	148418377	1537795383	4671792
0	148411556	1537785969	4671792
