slug: draft:warning
title: "Анти-мем"
tags: []
126	900939235	1565415188	3477739
125	900918071	1565339667	3477739
124	900914334	1565328532	3477739
123	900914236	1565328192	3477739
122	900914104	1565327675	3477739
121	900905424	1565289574	3477739
120	900904211	1565283895	3477739
119	900904206	1565283867	3477739
118	900904193	1565283763	3477739
117	900892537	1565246624	3477739
116	900892451	1565246184	3477739
115	900892164	1565245255	3477739
114	900891453	1565243240	3477739
113	900891235	1565242380	3477739
112	900890967	1565241559	3477739
111	900890729	1565240488	3477739
110	900882479	1565205257	3477739
109	900881753	1565203749	3477739
108	900881644	1565203558	3477739
107	900881510	1565203261	3477739
106	900880667	1565200255	3477739
105	900880294	1565199035	3477739
104	900809948	1565165379	3477739
103	900699800	1565158682	3477739
102	886072750	1562869509	3477739
101	884845519	1562839935	3477739
100	884726161	1562838424	3477739
99	884465757	1562834368	3477739
98	884275156	1562831795	3477739
97	884273702	1562831775	3477739
96	884272612	1562831749	3477739
95	881449414	1562782770	3477739
94	881404664	1562781685	3477739
93	881397561	1562781397	3477739
92	881393338	1562781263	3477739
91	881365318	1562780722	3477739
90	881307838	1562779877	3477739
89	881307350	1562779866	3477739
88	881304936	1562779778	3477739
87	881304850	1562779593	3477739
86	881304100	1562777216	3477739
85	881304087	1562777083	3477739
84	881304064	1562776848	3477739
83	881304054	1562776739	3477739
82	881303990	1562776356	3477739
81	881303982	1562776256	3477739
80	881303924	1562775708	3477739
79	881303922	1562775681	3477739
78	881303165	1562771931	3477739
77	881303162	1562771908	3477739
76	881303156	1562771888	3477739
75	881303150	1562771862	3477739
74	881303110	1562771762	3477739
73	881303107	1562771737	3477739
72	881303096	1562771687	3477739
71	881302999	1562771362	3477739
70	881302970	1562771277	3477739
69	881302956	1562771207	3477739
68	881302949	1562771161	3477739
67	881302937	1562771082	3477739
66	881302915	1562770993	3477739
65	881302891	1562770907	3477739
64	881302860	1562770759	3477739
63	881302397	1562769101	3477739
62	881301827	1562766519	3477739
61	881301228	1562763867	3477739
60	881066349	1562664236	3477739
59	881045972	1562579717	3477739
58	881045027	1562575298	3477739
57	881044968	1562574647	3477739
56	881044713	1562573250	3477739
55	881044019	1562569905	3477739
54	881043816	1562568581	3477739
53	881042550	1562561718	3477739
52	881041980	1562559005	3477739
51	881041979	1562558990	3477739
50	881041978	1562558984	3477739
49	881041971	1562558962	3477739
48	881041408	1562555156	3477739
47	881041230	1562553999	3477739
46	881041221	1562553939	3477739
45	881041058	1562552960	3477739
44	881041049	1562552855	3477739
43	881041045	1562552830	3477739
42	881036924	1562530390	3477739
41	881036857	1562530251	3477739
40	881036850	1562530116	3477739
39	881036809	1562529727	3477739
38	881036773	1562529423	3477739
37	881036749	1562529184	3477739
36	881036748	1562529183	3477739
35	881036661	1562528600	3477739
34	881035710	1562523568	3477739
33	881035621	1562522872	3477739
32	881035620	1562522857	3477739
31	881035499	1562522422	3477739
30	881035466	1562522365	3477739
29	881035460	1562522335	3477739
28	881035435	1562522167	3477739
27	881035421	1562522037	3477739
26	881035389	1562522000	3477739
25	881029626	1562497003	3477739
24	881024506	1562473276	3477739
23	881024411	1562472632	3477739
22	881015091	1562425506	3477739
21	881014965	1562425193	3477739
20	881014827	1562424755	3477739
19	881014573	1562423655	3477739
18	881014512	1562423242	3477739
17	881014422	1562422842	3477739
16	881014401	1562422689	3477739
15	881013073	1562417149	3477739
14	881013018	1562416702	3477739
13	881011995	1562412871	3477739
12	881011797	1562412199	3477739
11	881011731	1562411885	3477739
10	881011232	1562410366	3477739
9	881010861	1562408734	3477739
8	881010393	1562406772	3477739
7	881009911	1562404619	3477739
6	881009906	1562404553	3477739
5	881009820	1562404042	3477739
4	881006763	1562392875	3477739
3	881006517	1562391867	3477739
2	881006369	1562390771	3477739
1	880679475	1562352375	3477739
0	880539342	1562349960	3477739
