slug: archive:tales
title: "Рассказы"
tags: []
48	1362236809	1618307616	4518363
47	1359033385	1610372762	4518363
46	1359033135	1610371650	4518363
45	1357592969	1605262568	6069031
44	1357592874	1605262138	4518363
43	1282297356	1595693813	6069031
42	1224212899	1594471569	4518363
41	1190191581	1591367757	4518363
40	1048131727	1583568140	4518363
39	986190628	1574276170	4518363
38	904369512	1565890536	4518363
37	900760151	1565162078	4518363
36	900217995	1565105530	4518363
35	900216760	1565105434	4518363
34	900216627	1565105410	4518363
33	899844307	1565031595	3477739
32	899844260	1565031168	4518363
31	899722834	1565015505	4518363
30	892521417	1563275449	4518363
29	892521413	1563275406	4518363
28	892521328	1563274958	4518363
27	892521323	1563274929	4518363
26	892521304	1563274729	4518363
25	892521299	1563274696	4518363
24	892466479	1563265011	4518363
23	892466474	1563264975	4518363
22	892465780	1563262725	4518363
21	892465767	1563262656	4518363
20	872887929	1561651954	4473061
19	872887920	1561651895	4473061
18	866221145	1561290511	4473061
17	865374431	1561239487	5219975
16	863314516	1561133504	4518363
15	853384425	1560787852	5219975
14	834973599	1557319455	4518363
13	805327854	1556468069	4518363
12	641596875	1549503067	4473061
11	641596587	1549502330	4473061
10	592512126	1547431883	3477739
9	576885268	1546895618	4473061
8	352645202	1541368525	4473061
7	352643563	1541366593	4473061
6	275978816	1540419482	4473061
5	149604967	1538416336	4473061
4	147994127	1537543598	4473061
3	147989832	1537535859	4473061
2	147477416	1536849220	2785939
1	147365391	1536691873	4473061
0	144968505	1535233132	4473061
