slug: archive:object-mit
title: "Объект MIT-3: Кубик-бесюбик"
tags: []
14	1357093577	1603382941	4518363
13	1356770376	1602768821	4518363
12	1258612969	1595277548	4518363
11	1048166747	1583678972	4518363
10	1048166739	1583678944	4518363
9	1048166735	1583678920	4518363
8	1048166734	1583678907	4518363
7	904132136	1565787678	4518363
6	899723856	1565017014	3477739
5	896341200	1564609346	5551811
4	869302669	1561527206	1767012
3	868624524	1561397557	1767012
2	868624433	1561397330	1767012
1	868616283	1561374108	1767012
0	868616275	1561374053	1767012
