slug: archive:object-men
title: "Объект MEN-3 -  Искусству требуется художник"
tags: []
31	1357093576	1603382936	4518363
30	1356769754	1602766761	4518363
29	1073674765	1587021002	4518363
28	1048166528	1583678238	4518363
27	1048166525	1583678223	4518363
26	1048166518	1583678201	4518363
25	1033740392	1578428814	4518363
24	904132128	1565787658	4518363
23	899723698	1565016702	3477739
22	898986202	1564820191	5551811
21	896341023	1564608273	5551811
20	892464206	1563257767	1767012
19	892047468	1563240186	5508259
18	869302650	1561527019	1767012
17	868649710	1561467130	4669655
16	868649674	1561466999	5404042
15	868649613	1561466821	4669655
14	868649598	1561466752	5404042
13	868649455	1561466523	4669655
12	868649420	1561466419	5404042
11	868649408	1561466359	4669655
10	868649373	1561466242	5404042
9	868649360	1561466193	5404042
8	868649247	1561466121	5404042
7	868649209	1561465951	4669655
6	868648926	1561465009	5404042
5	868624522	1561397537	1767012
4	868624451	1561397337	1767012
3	868623815	1561395923	1767012
2	868623809	1561395910	1767012
1	868623802	1561395891	1767012
0	868623799	1561395859	1767012
