slug: archive:base-list
title: "Перечень баз"
tags: []
20	1357121517	1603449432	4518363
19	1034495844	1580659165	4383339
18	1034495830	1580659133	4383339
17	1034495822	1580659112	4383339
16	904167663	1565794775	4518363
15	904133462	1565793281	4518363
14	904133086	1565791422	4518363
13	904132767	1565789847	4518363
12	904132736	1565789828	4518363
11	904132520	1565789192	4518363
10	904132501	1565789095	4518363
9	904132333	1565788481	4518363
8	901577184	1565533360	3477739
7	899704211	1565014633	4518363
6	855090449	1560843384	1767012
5	847722474	1559476071	3477739
4	847708114	1559400797	3477739
3	847687876	1559313306	4473061
2	847364086	1559285246	1767012
1	847364055	1559284969	1767012
0	847364035	1559284809	1767012
