slug: include:object
title: "Object"
tags: []
21	1033993366	1579365696	4518363
20	901580221	1565544593	4518363
19	901580217	1565544574	4518363
18	892915387	1563990336	4518363
17	892915354	1563990285	4518363
16	892775405	1563858941	4518363
15	892764983	1563816367	4518363
14	892764766	1563815492	4518363
13	892764670	1563815002	4518363
12	892764468	1563814284	4518363
11	892764465	1563814267	4518363
10	892764419	1563814108	4518363
9	892764410	1563814040	4518363
8	892764409	1563814027	4518363
7	892764407	1563814013	4518363
6	892764404	1563813975	4518363
5	892764403	1563813957	4518363
4	892764386	1563813788	4518363
3	892764378	1563813736	4518363
2	892764340	1563813717	4518363
1	892764330	1563813661	4518363
0	892764327	1563813651	4518363
