slug: users
title: "Список участников"
tags: []
14	899724094	1565017262	4518363
13	452583260	1544044206	4473061
12	390821434	1542270732	4473061
11	167745424	1539030049	4473061
10	148805252	1538085203	4473061
9	147962167	1537484465	4473061
8	147578069	1536964414	4473061
7	147578001	1536964339	4473061
6	147365436	1536691955	4473061
5	146905829	1536018176	4473061
4	144961895	1535231029	4473061
3	144354090	1535041756	4518363
2	144353859	1535041653	4518363
1	144353585	1535041550	4518363
0	144353237	1535041418	4518363
