slug: draft:ariman
title: ""
tags: []
24	221623502	1539948966	4739446
23	218204228	1539899235	4739446
22	218200844	1539899129	4739446
21	218042073	1539896280	4739446
20	217974719	1539895195	4739446
19	217951352	1539894944	4739446
18	217920043	1539894518	4739446
17	217883227	1539893772	4739446
16	217852015	1539893400	4739446
15	217807325	1539893098	4739446
14	217802104	1539893054	4739446
13	217663321	1539891665	4739446
12	216877087	1539884739	4739446
11	216875242	1539884694	4739446
10	216874709	1539884687	4739446
9	216852815	1539884402	4739446
8	214945305	1539848214	4739446
7	214943952	1539848181	4739446
6	213638170	1539813152	4739446
5	213621518	1539812568	4739446
4	213603053	1539812027	4739446
3	213476885	1539809159	4739446
2	213453870	1539808797	4739446
1	212393637	1539724028	4739446
0	212392415	1539721352	4739446
