slug: archive:object-leu
title: "Объект LEU-3: Берёза-пестун"
tags: []
13	1357120183	1603443146	4518363
12	1356769790	1602766884	4518363
11	1356769787	1602766873	4518363
10	1048167242	1583680460	4518363
9	1048167236	1583680446	4518363
8	1048167226	1583680428	4518363
7	1033919391	1579103400	4383339
6	1033740511	1578429624	4518363
5	904132120	1565787605	4518363
4	899724163	1565017345	3477739
3	855143682	1560845102	1767012
2	855085198	1560843227	1767012
1	855083620	1560843191	1767012
0	855082679	1560843169	1767012
