slug: archive:object-012
title: "Объект №: 12 - То, чего не было"
tags: []
19	1357093687	1603383172	4518363
18	901060927	1565429416	3477739
17	901019709	1565425603	3477739
16	899723662	1565016658	3477739
15	897159672	1564668031	3477739
14	897157733	1564667995	3477739
13	897133165	1564667585	3477739
12	896804672	1564648526	5551811
11	896508646	1564636206	4518363
10	896361398	1564620322	3477739
9	896340938	1564607542	5551811
8	895414740	1564505771	4518363
7	881043844	1562568884	3477739
6	881026421	1562481817	3477739
5	881016601	1562433257	3477739
4	881015586	1562428006	3477739
3	881015149	1562425671	3477739
2	881015090	1562425483	3477739
1	881015054	1562425426	3477739
0	881015015	1562425338	3477739
