slug: draft:rieraf
title: "Rieraf"
tags: []
1829	1360265724	1615128998	3477739
1828	1075355656	1588004984	3477739
1827	1075355647	1588004943	3477739
1826	1075355563	1588004573	3477739
1825	1075355528	1588004448	3477739
1824	1075355481	1588004216	3477739
1823	1075355063	1588002735	3477739
1822	1075354621	1588001727	3477739
1821	1073479981	1586885569	3477739
1820	1073479322	1586884631	3477739
1819	1073476623	1586881957	3477739
1818	1073476592	1586881825	3477739
1817	1073475688	1586880567	3477739
1816	1073474624	1586879634	3477739
1815	1073474602	1586879568	3477739
1814	1073474575	1586879497	3477739
1813	1073472232	1586877109	3477739
1812	1073437104	1586842528	3477739
1811	1073377337	1586799349	3477739
1810	1073375495	1586797876	4518363
1809	1073375334	1586797800	3477739
1808	1073374510	1586797098	3477739
1807	1073374444	1586797039	3477739
1806	1073374284	1586796985	3477739
1805	1073374066	1586796779	3477739
1804	1073374006	1586796745	3477739
1803	1073373654	1586796512	3477739
1802	1073373432	1586796161	3477739
1801	1073373427	1586796142	3477739
1800	1073373274	1586796064	3477739
1799	1073372383	1586794752	3477739
1798	1073369942	1586792591	3477739
1797	1073362702	1586785507	3477739
1796	1073362692	1586785456	3477739
1795	1073362068	1586785170	3477739
1794	1073361727	1586784952	3477739
1793	1073361616	1586784914	3477739
1792	1050710361	1584515810	3477739
1791	986102142	1574174136	3477739
1790	986102137	1574174098	3477739
1789	934948485	1567592242	3477739
1788	934914660	1567591569	3477739
1787	909722835	1567072677	3477739
1786	909710472	1567072482	3477739
1785	909634715	1567071141	3477739
1784	909626184	1567070965	3477739
1783	909358860	1567065295	3477739
1782	909354109	1567065187	3477739
1781	909348765	1567065015	3477739
1780	904610773	1566402803	3477739
1779	904610492	1566401571	3477739
1778	904576323	1566308559	3477739
1777	904576178	1566308045	3477739
1776	904575926	1566307025	3477739
1775	904572573	1566298571	3477739
1774	904524574	1566219163	3477739
1773	904524393	1566219046	3477739
1772	904517694	1566214841	3477739
1771	904514337	1566212926	3477739
1770	904493047	1566191282	3477739
1769	904493010	1566191165	3477739
1768	904492893	1566191057	3477739
1767	904492870	1566190999	3477739
1766	904492812	1566190906	3477739
1765	904492694	1566190657	3477739
1764	904492144	1566189584	3477739
1763	904478467	1566144498	3477739
1762	904478349	1566144216	3477739
1761	904428272	1565980378	3477739
1760	904367724	1565882277	3477739
1759	904366907	1565879163	3477739
1758	904366774	1565878397	3477739
1757	904366731	1565878318	3477739
1756	904365626	1565873599	3477739
1755	904365605	1565873465	3477739
1754	904365507	1565873137	3477739
1753	904365270	1565871616	3477739
1752	904365157	1565870990	3477739
1751	904365008	1565870149	3477739
1750	904364931	1565869949	3477739
1749	904364560	1565868346	3477739
1748	904361891	1565865224	3477739
1747	904361411	1565864744	3477739
1746	904360215	1565863679	3477739
1745	904356789	1565856316	3477739
1744	904353837	1565845779	3477739
1743	904345138	1565805123	3477739
1742	904344824	1565804556	3477739
1741	904344698	1565804417	3477739
1740	904305240	1565800615	3477739
1739	904263376	1565799090	3477739
1738	904255389	1565798797	3477739
1737	904177100	1565796946	3477739
1736	904176970	1565796656	3477739
1735	904176884	1565796236	3477739
1734	904176778	1565795404	3477739
1733	904176760	1565795275	3477739
1732	904176711	1565795185	3477739
1731	904176669	1565795097	3477739
1730	904166310	1565794738	3477739
1729	904150286	1565794434	3477739
1728	904143769	1565794333	3477739
1727	904133561	1565793817	3477739
1726	904133513	1565793497	3477739
1725	904133496	1565793446	3477739
1724	904133394	1565792977	3477739
1723	904132907	1565790941	3477739
1722	904132841	1565790381	3477739
1721	904131665	1565786209	3477739
1720	903788917	1565774396	4518363
1719	903688068	1565771465	3477739
1718	903660397	1565770981	3477739
1717	903623350	1565770139	3477739
1716	903489066	1565767137	3477739
1715	903460095	1565766590	3477739
1714	903421408	1565765481	3477739
1713	903401335	1565763763	3477739
1712	903401279	1565763715	3477739
1711	903353602	1565762596	3477739
1710	903336007	1565761933	3477739
1709	903333893	1565761878	3477739
1708	903332003	1565761803	3477739
1707	903327678	1565761688	3477739
1706	903311257	1565761324	3477739
1705	903306086	1565761249	3477739
1704	902941607	1565708734	3477739
1703	902939835	1565702836	3477739
1702	902939351	1565701454	3477739
1701	902670480	1565684683	3477739
1700	902452184	1565669841	3477739
1699	902442018	1565669506	3477739
1698	902384711	1565667197	3477739
1697	902374085	1565666658	3477739
1696	902373028	1565666620	3477739
1695	902367018	1565666408	3477739
1694	902360905	1565666229	3477739
1693	901991858	1565632284	3477739
1692	901987250	1565632088	3477739
1691	901960225	1565631331	3477739
1690	901959250	1565631311	3477739
1689	901954924	1565631186	3477739
1688	901945558	1565630832	3477739
1687	901945111	1565630818	3477739
1686	901923099	1565629941	3477739
1685	901917376	1565629707	3477739
1684	901917228	1565629587	3477739
1683	901917186	1565629558	3477739
1682	901916969	1565629356	3477739
1681	901916287	1565628548	3477739
1680	901910731	1565628024	3477739
1679	901887422	1565627236	3477739
1678	901886989	1565627115	3477739
1677	901879279	1565626909	3477739
1676	901589890	1565585081	3477739
1675	901589868	1565584874	3477739
1674	901589865	1565584826	3477739
1673	901589718	1565583940	3477739
1672	901589633	1565583496	3477739
1671	901589620	1565583399	3477739
1670	901589530	1565582837	3477739
1669	901589266	1565581953	3477739
1668	901579631	1565542771	3477739
1667	901579456	1565541857	3477739
1666	901579128	1565540667	3477739
1665	901577563	1565535037	3477739
1664	901577346	1565533738	3477739
1663	901577175	1565533280	3477739
1662	901577173	1565533273	3477739
1661	901576878	1565531892	3477739
1660	901454727	1565449850	3477739
1659	901207753	1565433500	3477739
1658	901188443	1565432541	3477739
1657	901186856	1565432498	3477739
1656	901173147	1565432024	3477739
1655	901130813	1565430762	3477739
1654	901018133	1565421176	3477739
1653	900939643	1565415659	3477739
1652	900939247	1565415229	3477739
1651	900939224	1565415123	3477739
1650	900929973	1565376400	3477739
1649	900918826	1565341381	3477739
1648	900918515	1565340671	3477739
1647	900918455	1565340394	3477739
1646	900918216	1565339899	3477739
1645	900905540	1565290009	3477739
1644	900758633	1565162048	3477739
1643	900649555	1565148899	3477739
1642	900648932	1565148557	3477739
1641	900259917	1565111191	3477739
1640	900258911	1565111101	3477739
1639	900256223	1565111028	3477739
1638	900249403	1565110704	3477739
1637	900249356	1565110604	3477739
1636	900249282	1565110536	3477739
1635	900008796	1565084560	3477739
1634	899086912	1564986044	3477739
1633	899075466	1564939968	3477739
1632	899075463	1564939920	3477739
1631	899068900	1564916682	3477739
1630	899053733	1564915543	3477739
1629	898982953	1564808166	3477739
1628	898981524	1564801506	3477739
1627	898981396	1564801340	3477739
1626	898975385	1564773279	3477739
1625	898975061	1564772269	3477739
1624	898974689	1564771103	3477739
1623	898974157	1564769822	3477739
1622	898974041	1564769462	3477739
1621	898972450	1564764147	3477739
1620	898912012	1564744124	3477739
1619	898881763	1564738820	3477739
1618	897362247	1564680495	3477739
1617	897362242	1564680461	3477739
1616	897362170	1564680334	3477739
1615	897362066	1564680285	3477739
1614	897362047	1564680237	3477739
1613	897361629	1564679946	3477739
1612	897361574	1564679911	3477739
1611	896336598	1564586717	3477739
1610	896336593	1564586693	3477739
1609	895442460	1564508700	3477739
1608	895419062	1564507692	3477739
1607	895089396	1564473593	3477739
1606	895089387	1564473544	3477739
1605	895089337	1564473429	3477739
1604	895089321	1564473354	3477739
1603	895089280	1564473203	3477739
1602	895089271	1564473126	3477739
1601	895043235	1564469646	3477739
1600	895011375	1564464162	3477739
1599	894934799	1564460501	3477739
1598	894933371	1564460462	3477739
1597	894929917	1564460377	3477739
1596	894928967	1564460350	3477739
1595	894928923	1564460311	3477739
1594	894928909	1564460241	3477739
1593	894928894	1564460171	3477739
1592	894928833	1564460085	3477739
1591	894928817	1564459999	3477739
1590	894928802	1564459928	3477739
1589	894928731	1564459869	3477739
1588	894928685	1564459721	3477739
1587	894928541	1564459552	3477739
1586	894928439	1564459426	3477739
1585	894928418	1564459358	3477739
1584	894928332	1564459195	3477739
1583	894928320	1564459150	3477739
1582	894928301	1564459079	3477739
1581	894928219	1564459009	3477739
1580	894927521	1564457202	3477739
1579	894926987	1564455837	3477739
1578	894926941	1564455766	3477739
1577	894567627	1564419022	3477739
1576	894567614	1564418933	3477739
1575	894567600	1564418791	3477739
1574	894567440	1564418180	3477739
1573	894567432	1564418097	3477739
1572	894567430	1564418045	3477739
1571	894567362	1564417553	3477739
1570	894567349	1564417487	3477739
1569	894567279	1564417224	3477739
1568	894567257	1564417082	3477739
1567	894567220	1564416991	3477739
1566	894567117	1564416805	3477739
1565	894567098	1564416571	3477739
1564	894567081	1564416455	3477739
1563	894567048	1564416185	3477739
1562	894567032	1564416106	3477739
1561	894429061	1564403493	3477739
1560	894429007	1564403387	3477739
1559	894375897	1564396272	3477739
1558	894375894	1564396220	3477739
1557	894375459	1564395283	3477739
1556	894375441	1564395192	3477739
1555	894345695	1564391806	3477739
1554	893897512	1564381486	3477739
1553	893475857	1564324209	3477739
1552	893475755	1564323991	3477739
1551	893475637	1564323701	3477739
1550	893475471	1564323038	3477739
1549	893475400	1564322966	3477739
1548	893449712	1564322330	3477739
1547	893436581	1564312621	3477739
1546	893436578	1564312580	3477739
1545	893436486	1564312093	3477739
1544	893397591	1564283373	3477739
1543	893394639	1564282325	3477739
1542	893392176	1564281685	3477739
1541	893199467	1564219244	3477739
1540	893197992	1564217942	3477739
1539	893197629	1564217597	3477739
1538	893197622	1564217532	3477739
1537	893197391	1564217335	3477739
1536	893197039	1564217104	3477739
1535	893196239	1564216266	3477739
1534	893196135	1564216204	3477739
1533	893195599	1564215808	3477739
1532	893195229	1564215445	3477739
1531	893194740	1564214799	3477739
1530	893194688	1564214630	3477739
1529	893087638	1564195310	3477739
1528	893087603	1564195238	3477739
1527	893087591	1564195107	3477739
1526	893087567	1564194979	3477739
1525	893052344	1564144831	3477739
1524	893052279	1564144784	3477739
1523	893049634	1564142376	3477739
1522	893049395	1564142021	3477739
1521	893042081	1564138839	3477739
1520	893022228	1564123028	3477739
1519	893022218	1564122988	3477739
1518	892966558	1564053900	3477739
1517	892965883	1564053488	3477739
1516	892914567	1563986371	3477739
1515	892914512	1563986137	3477739
1514	892914408	1563985361	3477739
1513	892913997	1563983709	3477739
1512	892913975	1563983539	3477739
1511	892913164	1563979949	3477739
1510	892913087	1563979696	3477739
1509	892913074	1563979627	3477739
1508	892913061	1563979551	3477739
1507	892910519	1563972336	3477739
1506	892908456	1563965444	3477739
1505	892908184	1563964789	3477739
1504	892908128	1563964487	3477739
1503	892907070	1563963300	3477739
1502	892905834	1563962594	3477739
1501	892904592	1563962051	3477739
1500	892901460	1563959935	3477739
1499	892897909	1563958004	3477739
1498	892897375	1563957104	3477739
1497	892896190	1563956350	3477739
1496	892894788	1563955098	3477739
1495	892894426	1563954878	3477739
1494	892891805	1563953169	3477739
1493	892878585	1563945087	3477739
1492	892813848	1563898706	3477739
1491	892813665	1563897196	3477739
1490	892813656	1563897096	3477739
1489	892813049	1563894394	3477739
1488	892812814	1563893524	3477739
1487	892810965	1563886523	3477739
1486	892810643	1563885683	3477739
1485	892808802	1563879314	3477739
1484	892808381	1563878368	3477739
1483	892765682	1563818950	3477739
1482	892765667	1563818809	3477739
1481	892765114	1563817096	3477739
1480	892764923	1563816123	3477739
1479	892764860	1563815796	3477739
1478	892764476	1563814434	3477739
1477	892749972	1563810723	3477739
1476	892722118	1563727561	3477739
1475	892722004	1563727180	3477739
1474	892721979	1563727064	3477739
1473	892721969	1563727012	3477739
1472	892721958	1563726936	3477739
1471	892720952	1563721103	3477739
1470	892719721	1563716841	3477739
1469	892719712	1563716804	3477739
1468	892719703	1563716741	3477739
1467	892719409	1563715848	3477739
1466	892719400	1563715824	3477739
1465	892719385	1563715789	3477739
1464	892718568	1563713514	3477739
1463	892718525	1563713340	3477739
1462	892718503	1563713266	3477739
1461	892718364	1563712784	3477739
1460	892717405	1563709452	3477739
1459	892717391	1563709371	3477739
1458	892717281	1563708969	3477739
1457	892717226	1563708547	3477739
1456	892716912	1563707250	3477739
1455	892716894	1563707189	3477739
1454	892716645	1563706439	3477739
1453	892716273	1563705105	3477739
1452	892715681	1563703196	3477739
1451	892715527	1563702875	3477739
1450	892715517	1563702847	3477739
1449	892713966	1563701844	3477739
1448	892661577	1563675636	3477739
1447	892661562	1563675552	3477739
1446	892661551	1563675500	3477739
1445	892661502	1563675428	3477739
1444	892661480	1563675242	3477739
1443	892654680	1563643201	3477739
1442	892654676	1563643165	3477739
1441	892654315	1563641700	3477739
1440	892654301	1563641593	3477739
1439	892653875	1563639238	3477739
1438	892652954	1563634857	3477739
1437	892652935	1563634789	3477739
1436	892652929	1563634759	3477739
1435	892652383	1563632143	3477739
1434	892652069	1563630758	3477739
1433	892652041	1563630558	3477739
1432	892652022	1563630434	3477739
1431	892646513	1563613695	3477739
1430	892640529	1563588870	3477739
1429	892640493	1563588842	3477739
1428	892640438	1563588713	3477739
1427	892627787	1563542127	3477739
1426	892627537	1563541631	3477739
1425	892625999	1563536095	3477739
1424	892624197	1563531607	3477739
1423	892623072	1563528882	4518363
1422	892622995	1563528686	4518363
1421	892622909	1563528508	3477739
1420	892622602	1563528111	3477739
1419	892620005	1563520997	3477739
1418	892595650	1563442451	3477739
1417	892579080	1563386413	3477739
1416	892576063	1563378501	3477739
1415	892575321	1563376447	3477739
1414	892575282	1563376210	3477739
1413	892553550	1563295436	3477739
1412	892553542	1563295378	3477739
1411	892520135	1563270779	3477739
1410	889809195	1563095573	3477739
1409	889807576	1563090698	3477739
1408	889807517	1563090603	3477739
1407	887794648	1562930516	3477739
1406	887766978	1562923664	3477739
1405	887766785	1562923047	3477739
1404	887661265	1562912807	3477739
1403	887658774	1562912739	3477739
1402	887657492	1562912699	3477739
1401	887657359	1562912583	3477739
1400	886072812	1562869918	3477739
1399	886072805	1562869870	3477739
1398	886072504	1562868105	3477739
1397	880416416	1562223221	3477739
1396	880416405	1562223144	3477739
1395	878302285	1561971199	3477739
1394	877983634	1561962078	3477739
1393	877705100	1561922405	3477739
1392	873513136	1561710555	3477739
1391	869809999	1561538648	3477739
1390	869771502	1561538054	3477739
1389	869697647	1561537165	3477739
1388	869651195	1561536288	3477739
1387	869648167	1561536088	3477739
1386	869628494	1561535770	3477739
1385	869506298	1561533394	3477739
1384	847836499	1559986143	3477739
1383	847836433	1559986065	3477739
1382	847814058	1559887095	3477739
1381	847775890	1559717038	3477739
1380	847773288	1559704369	3477739
1379	847773143	1559703790	3477739
1378	847767345	1559674316	3477739
1377	847747502	1559589717	3477739
1376	847747333	1559589073	3477739
1375	847747016	1559587918	3477739
1374	847746954	1559587568	3477739
1373	847746671	1559586437	3477739
1372	847743482	1559572886	3477739
1371	847740883	1559559953	3477739
1370	847740790	1559559363	3477739
1369	847740751	1559559066	3477739
1368	847739885	1559555275	3477739
1367	847698362	1559359103	3477739
1366	847698295	1559359025	3477739
1365	847698287	1559358999	3477739
1364	847697909	1559357782	3477739
1363	847697902	1559357686	3477739
1362	847697889	1559357654	3477739
1361	847697836	1559357378	3477739
1360	847697775	1559357268	3477739
1359	847697717	1559357238	3477739
1358	847697677	1559357198	3477739
1357	847697672	1559357189	3477739
1356	847697540	1559356694	3477739
1355	847697529	1559356668	3477739
1354	847697506	1559356552	3477739
1353	847697501	1559356518	3477739
1352	847697469	1559356356	3477739
1351	847697452	1559356273	3477739
1350	847688759	1559314951	3477739
1349	847688396	1559314796	3477739
1348	847688324	1559314619	3477739
1347	847287102	1559115861	3477739
1346	847266364	1559037600	3477739
1345	847266168	1559036931	3477739
1344	847266092	1559036514	3477739
1343	847264634	1559030063	3477739
1342	847263499	1559025384	3477739
1341	847262896	1559022722	3477739
1340	847262884	1559022681	3477739
1339	847262840	1559022564	3477739
1338	847252467	1558978202	3477739
1337	847225760	1558872124	3477739
1336	847225749	1558872060	3477739
1335	847225512	1558871178	3477739
1334	847224934	1558868071	3477739
1333	847224881	1558867619	3477739
1332	847224129	1558864386	3477739
1331	847219614	1558842404	3477739
1330	847219461	1558841872	3477739
1329	847219441	1558841768	3477739
1328	847219312	1558841440	3477739
1327	847218895	1558839404	3477739
1326	847204857	1558796710	3477739
1325	847204451	1558794944	3477739
1324	847203100	1558789719	3477739
1323	847202930	1558789032	3477739
1322	847195651	1558760587	3477739
1321	847181328	1558704641	3477739
1320	847178394	1558692490	3477739
1319	847174413	1558678223	3477739
1318	847172830	1558671064	3477739
1317	847172818	1558670966	3477739
1316	847172798	1558670804	3477739
1315	847090715	1558501961	3477739
1314	846977005	1558405549	3477739
1313	846976997	1558405479	3477739
1312	846976853	1558404978	3477739
1311	846976495	1558404209	3477739
1310	846966269	1558373686	3477739
1309	846964423	1558369503	3477739
1308	846964303	1558369138	3477739
1307	846962811	1558367000	3477739
1306	846962536	1558366570	3477739
1305	846956869	1558365787	3477739
1304	846952531	1558365489	3477739
1303	844814282	1558001238	3477739
1302	844813109	1557998159	3477739
1301	844812992	1557997830	3477739
1300	844812762	1557997491	3477739
1299	844812650	1557997320	3477739
1298	844812562	1557997227	3477739
1297	844811272	1557993987	3477739
1296	844811186	1557993721	3477739
1295	844798044	1557993379	3477739
1294	844608843	1557990963	3477739
1293	844592808	1557990365	3477739
1292	844569177	1557989386	3477739
1291	844565922	1557989264	3477739
1290	844560519	1557989129	3477739
1289	844555860	1557989003	3477739
1288	844548732	1557988925	3477739
1287	844311364	1557985623	3477739
1286	844275151	1557985177	3477739
1285	844145668	1557983285	3477739
1284	844098247	1557982168	3477739
1283	843338283	1557970265	3477739
1282	843319618	1557969999	3477739
1281	841563626	1557944571	3477739
1280	841507810	1557943766	3477739
1279	841467110	1557943137	3477739
1278	841445458	1557942791	3477739
1277	841413601	1557942133	3477739
1276	841235273	1557938711	3477739
1275	841223533	1557938543	3477739
1274	841221545	1557938490	3477739
1273	840739391	1557930098	3477739
1272	840168299	1557918265	3477739
1271	840097703	1557917368	3477739
1270	839089988	1557900616	3477739
1269	839016556	1557898949	3477739
1268	839016078	1557898840	3477739
1267	839015772	1557898598	3477739
1266	839015713	1557898558	3477739
1265	839015469	1557898403	3477739
1264	838942967	1557895574	3477739
1263	838907613	1557894977	3477739
1262	838888535	1557894661	3477739
1261	838848588	1557893285	3477739
1260	838824579	1557892641	3477739
1259	836813081	1557845612	3477739
1258	836687187	1557841945	3477739
1257	836507021	1557838755	3477739
1256	836392030	1557836738	3477739
1255	836368619	1557836336	3477739
1254	836364431	1557836225	3477739
1253	836362687	1557836162	3477739
1252	836048835	1557831292	3477739
1251	836023035	1557830418	3477739
1250	836015187	1557830242	3477739
1249	835969034	1557829507	3477739
1248	835943844	1557829150	3477739
1247	835905568	1557827724	3477739
1246	835819779	1557822631	3477739
1245	835819170	1557822352	3477739
1244	835818559	1557822015	3477739
1243	835811352	1557815144	3477739
1242	835809369	1557813647	3477739
1241	835809250	1557813527	3477739
1240	835808879	1557813288	3477739
1239	835806947	1557812310	3477739
1238	835806220	1557811932	3477739
1237	835804312	1557811193	3477739
1236	835802481	1557810444	3477739
1235	835800489	1557809675	3477739
1234	835798607	1557808753	3477739
1233	835796051	1557807266	3477739
1232	835794970	1557806748	3477739
1231	835793309	1557806073	3477739
1230	835788473	1557804152	3477739
1229	835788161	1557803828	3477739
1228	835782970	1557798470	3477739
1227	835747820	1557767374	3477739
1226	835745940	1557766617	3477739
1225	835745373	1557766349	3477739
1224	835743902	1557765825	3477739
1223	835736991	1557763109	3477739
1222	835735150	1557762426	3477739
1221	835731145	1557761014	3477739
1220	835610867	1557734176	3477739
1219	835574652	1557727740	3477739
1218	835571883	1557727246	3477739
1217	835567089	1557726379	3477739
1216	835558896	1557724331	3477739
1215	835408958	1557673900	3477739
1214	835330462	1557641844	3477739
1213	835197180	1557590212	3477739
1212	835192921	1557588799	3477739
1211	835181402	1557585819	3477739
1210	835179681	1557584941	3477739
1209	835175881	1557583728	3477739
1208	835175843	1557583721	3477739
1207	835166478	1557580385	3477739
1206	834939808	1557246783	3477739
1205	834939753	1557246583	3477739
1204	834939715	1557246463	3477739
1203	834865813	1557106670	3477739
1202	834865807	1557106627	3477739
1201	834865670	1557106152	3477739
1200	832750730	1557074262	3477739
1199	832734465	1557074159	3477739
1198	832711540	1557074012	3477739
1197	832683847	1557073829	3477739
1196	832599319	1557073257	3477739
1195	832577745	1557073029	3477739
1194	832439222	1557071980	3477739
1193	832418029	1557071783	3477739
1192	832396060	1557071607	3477739
1191	832123213	1557069389	3477739
1190	832037163	1557068612	3477739
1189	832030358	1557068427	3477739
1188	832011618	1557068024	3477739
1187	831922140	1557066953	3477739
1186	831836891	1557066105	3477739
1185	831806400	1557065695	3477739
1184	831802067	1557065637	3477739
1183	831777169	1557065352	3477739
1182	831746244	1557065075	3477739
1181	831740676	1557064969	3477739
1180	831427460	1557062074	3477739
1179	831304190	1557060812	3477739
1178	831285522	1557060503	3477739
1177	831267159	1557060282	3477739
1176	831240435	1557060039	3477739
1175	831222357	1557059860	3477739
1174	831215043	1557059799	3477739
1173	831188994	1557059548	3477739
1172	831188437	1557059542	3477739
1171	831185379	1557059513	3477739
1170	831179103	1557059451	3477739
1169	831168432	1557059366	3477739
1168	831145662	1557059156	3477739
1167	810717914	1556901354	3477739
1166	810643685	1556900830	3477739
1165	810640217	1556900801	3477739
1164	810619330	1556900636	3477739
1163	810617341	1556900611	3477739
1162	809837407	1556893615	3477739
1161	809830885	1556893530	3477739
1160	809104895	1556886205	3477739
1159	809088814	1556886074	3477739
1158	808917218	1556884547	3477739
1157	808589777	1556881473	3477739
1156	808461492	1556880341	4518363
1155	808437785	1556880154	4518363
1154	808214209	1556877984	3477739
1153	808207627	1556877933	3477739
1152	808167684	1556877638	3477739
1151	808065827	1556876010	3477739
1150	808062389	1556870306	3477739
1149	808062305	1556870152	3477739
1148	808061716	1556868925	3477739
1147	808061536	1556868521	3477739
1146	808061141	1556867779	3477739
1145	808060658	1556866792	3477739
1144	808059704	1556865387	3477739
1143	808058161	1556863069	3477739
1142	808057578	1556861993	3477739
1141	808054844	1556858168	3477739
1140	808054482	1556857511	3477739
1139	808054442	1556857452	3477739
1138	808054370	1556857353	3477739
1137	808054112	1556856892	3477739
1136	808053874	1556856506	3477739
1135	808053682	1556855961	3477739
1134	808053290	1556855286	3477739
1133	808053266	1556855207	3477739
1132	808052423	1556853865	3477739
1131	808052329	1556853622	3477739
1130	808051959	1556852911	3477739
1129	808051566	1556852279	3477739
1128	808051192	1556851757	3477739
1127	808037612	1556824238	3477739
1126	808037554	1556824129	3477739
1125	808036562	1556821342	3477739
1124	808036513	1556821169	3477739
1123	808036488	1556821098	3477739
1122	808036289	1556820616	3477739
1121	808035921	1556819646	3477739
1120	808035834	1556819353	3477739
1119	808035766	1556819175	3477739
1118	808030300	1556815492	3477739
1117	808029560	1556813629	3477739
1116	808029474	1556813371	3477739
1115	808029264	1556812900	3477739
1114	808029193	1556812672	3477739
1113	808029077	1556812346	3477739
1112	808028995	1556811907	3477739
1111	808028892	1556811333	3477739
1110	808028594	1556810776	3477739
1109	808028446	1556810524	3477739
1108	808028352	1556810389	3477739
1107	808028315	1556810149	3477739
1106	808028218	1556810065	3477739
1105	808028195	1556809918	3477739
1104	808028174	1556809833	3477739
1103	808027865	1556808776	3477739
1102	808026500	1556805449	3477739
1101	808024740	1556801000	3477739
1100	808024451	1556800450	3477739
1099	808024378	1556800415	3477739
1098	808015284	1556775144	3477739
1097	808015083	1556773944	3477739
1096	808015079	1556773912	3477739
1095	808014840	1556773051	3477739
1094	808014833	1556773021	3477739
1093	808014826	1556772974	3477739
1092	808014761	1556772650	3477739
1091	808014745	1556772598	3477739
1090	808014738	1556772575	3477739
1089	808014737	1556772569	3477739
1088	808013653	1556769194	3477739
1087	808013627	1556769173	3477739
1086	808013518	1556768979	3477739
1085	808013513	1556768952	3477739
1084	808013020	1556768027	3477739
1083	808011818	1556765633	3477739
1082	808011759	1556765507	3477739
1081	807991835	1556733042	3477739
1080	807991556	1556732333	3477739
1079	807991507	1556732295	3477739
1078	807991026	1556731066	3477739
1077	807991019	1556731042	3477739
1076	807990955	1556730999	3477739
1075	807990685	1556730511	3477739
1074	807988989	1556727254	3477739
1073	807988123	1556724852	3477739
1072	807988014	1556724458	3477739
1071	807988008	1556724413	3477739
1070	807987908	1556724103	3477739
1069	807987893	1556724050	3477739
1068	807987691	1556723121	3477739
1067	807987688	1556723107	3477739
1066	807987679	1556723082	3477739
1065	807987645	1556722981	3477739
1064	807987434	1556722497	3477739
1063	807987225	1556721905	3477739
1062	807986903	1556721199	3477739
1061	807986031	1556721022	3477739
1060	807976917	1556720821	3477739
1059	807952660	1556720239	3477739
1058	807949167	1556720142	3477739
1057	807946948	1556720088	3477739
1056	807946805	1556720076	3477739
1055	807946801	1556720069	3477739
1054	805573870	1556523346	3477739
1053	805564302	1556504905	3477739
1052	805551880	1556474869	3477739
1051	805551828	1556474692	3477739
1050	805551818	1556474665	3477739
1049	805551448	1556473715	3477739
1048	805551406	1556473652	3477739
1047	805551127	1556473181	3477739
1046	805551075	1556473079	3477739
1045	805550930	1556472722	3477739
1044	805550817	1556472568	3477739
1043	805550618	1556472269	3477739
1042	805550575	1556472188	3477739
1041	805550185	1556471527	3477739
1040	805550111	1556471394	3477739
1039	805550092	1556471355	3477739
1038	805550075	1556471330	3477739
1037	805550067	1556471315	3477739
1036	805546049	1556470976	3477739
1035	805542840	1556470936	3477739
1034	805327577	1556467699	3477739
1033	805327083	1556466756	3477739
1032	805327048	1556466654	3477739
1031	805326944	1556466399	3477739
1030	805326650	1556465632	3477739
1029	805325530	1556463585	3477739
1028	805324907	1556462545	3477739
1027	805324541	1556461919	3477739
1026	805324266	1556461422	3477739
1025	805324226	1556461355	3477739
1024	805323784	1556460379	3477739
1023	805323651	1556460138	3477739
1022	805323637	1556460126	3477739
1021	805323620	1556460073	3477739
1020	805323318	1556459373	3477739
1019	805323174	1556458955	4518363
1018	805322728	1556457751	3477739
1017	805322700	1556457694	3477739
1016	805322687	1556457644	3477739
1015	805322505	1556457398	3477739
1014	805322473	1556457331	3477739
1013	805321710	1556455410	3477739
1012	805321219	1556454686	3477739
1011	805321216	1556454656	3477739
1010	805321205	1556454622	3477739
1009	805319974	1556451506	3477739
1008	805319507	1556450368	3477739
1007	805319317	1556449674	3477739
1006	805319237	1556449415	3477739
1005	805319063	1556448979	3477739
1004	805319047	1556448954	3477739
1003	805318939	1556448466	3477739
1002	805318893	1556448331	3477739
1001	805318820	1556448159	3477739
1000	805318791	1556448075	3477739
999	805318690	1556447723	3477739
998	805318388	1556446659	3477739
997	805318244	1556446305	3477739
996	805317963	1556445548	3477739
995	805317807	1556445084	3477739
994	805317802	1556445049	3477739
993	805317200	1556443798	3477739
992	802087309	1556203483	3477739
991	802087101	1556202971	3477739
990	802085721	1556201047	3477739
989	802085501	1556200817	3477739
988	802080360	1556191954	3477739
987	802080318	1556191843	3477739
986	802063980	1556163797	3477739
985	802063976	1556163791	3477739
984	802063973	1556163786	3477739
983	802041499	1556117208	3477739
982	802040379	1556115409	3477739
981	802040280	1556115200	3477739
980	802040250	1556115139	3477739
979	802040111	1556114859	3477739
978	802040058	1556114774	3477739
977	802039126	1556113598	3477739
976	802038616	1556112816	3477739
975	802038501	1556112721	3477739
974	802038402	1556112541	3477739
973	802037921	1556111775	3477739
972	802037363	1556110765	3477739
971	802037203	1556110509	3477739
970	802034012	1556105706	3477739
969	802033912	1556105534	3477739
968	802033811	1556105342	3477739
967	802031691	1556101553	3477739
966	802028969	1556096982	3477739
965	802027862	1556095553	3477739
964	802027604	1556095222	3477739
963	802026785	1556094082	3477739
962	802025906	1556092875	3477739
961	801928343	1555947889	3477739
960	801928337	1555947870	3477739
959	801927936	1555947147	3477739
958	801927930	1555947130	3477739
957	800222140	1555903023	3477739
956	800220527	1555896684	3477739
955	800220522	1555896655	3477739
954	800211399	1555862565	3477739
953	800211359	1555862394	3477739
952	800211134	1555861879	3477739
951	800210970	1555861176	3477739
950	718614047	1554355529	3477739
949	718495860	1554342034	3477739
948	718495338	1554341573	3477739
947	718495253	1554341492	3477739
946	717298814	1554259268	3477739
945	717216549	1554205102	3477739
944	717196261	1554193901	3477739
943	717196246	1554193826	3477739
942	717033608	1554184114	3477739
941	715754739	1554106533	3477739
940	715739257	1554106134	3477739
939	714263040	1554080353	3477739
938	712112522	1554036634	3477739
937	712112260	1554036186	3477739
936	712112139	1554035939	3477739
935	712109430	1554031054	3477739
934	712108923	1554030075	3477739
933	712108809	1554029898	3477739
932	712108582	1554029540	3477739
931	712106862	1554026339	3477739
930	712105813	1554024367	3477739
929	712105273	1554023110	3477739
928	712104809	1554022021	3477739
927	712104775	1554021957	3477739
926	712104658	1554021716	3477739
925	712104605	1554021585	3477739
924	712104228	1554020874	3477739
923	712103921	1554020261	3477739
922	712103749	1554019923	3477739
921	712103556	1554019472	3477739
920	712101906	1554016034	3477739
919	712101276	1554014971	3477739
918	712100174	1554012800	3477739
917	710787679	1553961065	3477739
916	710778045	1553943040	3477739
915	710777800	1553942590	3477739
914	710777476	1553942080	3477739
913	710776944	1553941090	3477739
912	710760802	1553940642	3477739
911	710754353	1553940541	3477739
910	710743693	1553940385	3477739
909	710708497	1553939894	3477739
908	710694207	1553939741	3477739
907	710685607	1553939630	3477739
906	710676328	1553939441	3477739
905	710675237	1553939087	3477739
904	710578915	1553934223	3477739
903	710578811	1553933935	3477739
902	710572974	1553923113	3477739
901	709935086	1553873141	3477739
900	709897713	1553872537	3477739
899	709821414	1553871121	3477739
898	709804529	1553870629	3477739
897	709801140	1553870559	3477739
896	709749914	1553869603	3477739
895	699837360	1553615264	3477739
894	688990708	1553417357	3477739
893	688990648	1553417120	3477739
892	688990587	1553416876	3477739
891	686321066	1553341624	3477739
890	686286423	1553341166	3477739
889	686280749	1553341005	3477739
888	686278211	1553340941	3477739
887	683527841	1553153085	3477739
886	650380146	1551093088	3477739
885	641787763	1549936810	3477739
884	641644667	1549595126	3477739
883	641620333	1549550774	4473061
882	641610731	1549534362	3477739
881	641364237	1548931695	3477739
880	641363730	1548930593	3477739
879	641363481	1548930175	3477739
878	641304966	1548820717	3477739
877	641304944	1548820682	3477739
876	639326463	1548640834	3477739
875	637676291	1548500070	3477739
874	637676174	1548499822	3477739
873	635816048	1548407467	3477739
872	635815774	1548407030	3477739
871	635815721	1548406877	3477739
870	635605955	1548256535	3477739
869	635365750	1548219001	3477739
868	635365677	1548218785	3477739
867	635365550	1548218396	3477739
866	635365314	1548217568	3477739
865	635365125	1548216933	3477739
864	635364974	1548216457	3477739
863	635364789	1548215740	3477739
862	635364608	1548215298	3477739
861	635364601	1548215264	3477739
860	625440110	1548040596	3477739
859	621398259	1547976840	3477739
858	621396151	1547976799	3477739
857	621383530	1547976646	3477739
856	617725302	1547924093	3477739
855	617718195	1547924012	3477739
854	617716776	1547923994	3477739
853	617710092	1547923921	3477739
852	617706279	1547923884	3477739
851	617333648	1547909497	3477739
850	590387232	1547369561	3477739
849	590387212	1547369514	3477739
848	587876461	1547201810	3477739
847	583874992	1547135109	3477739
846	583707067	1547133307	3477739
845	583695073	1547133124	3477739
844	580291257	1547047532	3477739
843	580291236	1547047485	3477739
842	580291185	1547047356	3477739
841	580290986	1547046993	3477739
840	580290627	1547046330	3477739
839	580290571	1547046189	3477739
838	580277202	1547027253	3477739
837	580276224	1547023465	3477739
836	580276215	1547023433	3477739
835	580276165	1547023096	3477739
834	580276065	1547022872	3477739
833	580275903	1547022378	3477739
832	580275883	1547022318	3477739
831	580275504	1547021157	3477739
830	580275436	1547021096	3477739
829	580268823	1547000516	3477739
828	580268688	1547000357	3477739
827	580268382	1546999955	3477739
826	580268263	1546999839	3477739
825	580268257	1546999814	3477739
824	580268249	1546999790	3477739
823	580268218	1546999773	3477739
822	580268201	1546999697	3477739
821	580268148	1546999664	3477739
820	580268143	1546999636	3477739
819	580268139	1546999615	3477739
818	580266017	1546995612	3477739
817	580265785	1546994916	3477739
816	580265766	1546994840	3477739
815	580265101	1546993067	3477739
814	580265079	1546992941	3477739
813	579112086	1546953635	3477739
812	579110152	1546953589	3477739
811	578897912	1546949892	3477739
810	578890641	1546949782	3477739
809	578889178	1546949766	3477739
808	578844478	1546949185	3477739
807	578689548	1546946893	3477739
806	578682039	1546946771	3477739
805	578679258	1546946696	3477739
804	578666286	1546946378	3477739
803	578615859	1546946036	3477739
802	578585332	1546945810	3477739
801	578504320	1546945088	3477739
800	578462653	1546944779	3477739
799	578432475	1546944511	3477739
798	578429037	1546944471	3477739
797	578419015	1546944396	3477739
796	578387913	1546944178	3477739
795	578368386	1546943998	3477739
794	578356792	1546943828	3477739
793	578352523	1546943668	3477739
792	578232726	1546941295	3477739
791	578224374	1546941221	3477739
790	578174884	1546934980	3477739
789	578174151	1546933088	3477739
788	578173589	1546931852	3477739
787	578172849	1546929926	3477739
786	578170338	1546923738	3477739
785	578169705	1546922724	3477739
784	578169675	1546922649	3477739
783	578169654	1546922614	3477739
782	578169030	1546921724	3477739
781	578168865	1546921386	3477739
780	546573355	1546234256	3477739
779	539046428	1546073146	3477739
778	539046341	1546073049	3477739
777	539035099	1546055755	3477739
776	539034944	1546055504	3477739
775	538993004	1545998204	3477739
774	538992805	1545997782	3477739
773	538992745	1545997606	3477739
772	538992729	1545997566	3477739
771	538989943	1545991879	3477739
770	538989780	1545991619	3477739
769	538988804	1545989773	3477739
768	538988659	1545989526	3477739
767	538988318	1545988897	3477739
766	538988049	1545988261	3477739
765	538983111	1545977441	3477739
764	538982541	1545976015	3477739
763	538982501	1545975849	3477739
762	538982182	1545975417	3477739
761	538981955	1545975184	3477739
760	538981266	1545974410	3477739
759	538980432	1545973385	3477739
758	538979204	1545971872	3477739
757	538978349	1545970760	3477739
756	538975922	1545967134	3477739
755	538975744	1545966773	3477739
754	538975632	1545966618	3477739
753	538947684	1545928438	3477739
752	538947634	1545928353	3477739
751	538947576	1545928311	3477739
750	538947475	1545928185	3477739
749	538947430	1545928093	3477739
748	538947308	1545927918	3477739
747	538947045	1545927761	3477739
746	538946957	1545927606	3477739
745	538946902	1545927549	3477739
744	538946840	1545927530	3477739
743	538946830	1545927499	3477739
742	538946563	1545927213	3477739
741	538946379	1545927081	3477739
740	538945631	1545926128	3477739
739	538944597	1545924810	3477739
738	538944578	1545924779	3477739
737	538944327	1545924476	3477739
736	538944236	1545924313	3477739
735	538944204	1545924243	3477739
734	538944125	1545924104	3477739
733	538944021	1545923963	3477739
732	538943926	1545923830	3477739
731	538942790	1545922224	3477739
730	538942672	1545922088	3477739
729	538942552	1545921934	3477739
728	538941702	1545920762	3477739
727	538941137	1545919828	3477739
726	538940623	1545919084	3477739
725	538921598	1545895808	3477739
724	538921535	1545895763	3477739
723	538920604	1545895244	3477739
722	538854457	1545799249	3477739
721	538842298	1545755428	3477739
720	538107487	1545618816	3477739
719	538107401	1545618615	3477739
718	538107234	1545618489	3477739
717	538107215	1545618421	3477739
716	538097558	1545582749	3477739
715	538097522	1545582730	3477739
714	538097337	1545581840	3477739
713	538097327	1545581820	3477739
712	538097279	1545581727	3477739
711	538097243	1545581594	3477739
710	538097236	1545581563	3477739
709	538097210	1545581482	3477739
708	538097190	1545581384	3477739
707	538097185	1545581341	3477739
706	538097181	1545581324	3477739
705	538097170	1545581294	3477739
704	538097166	1545581275	3477739
703	538097016	1545580928	3477739
702	538097007	1545580876	3477739
701	538097002	1545580843	3477739
700	538096998	1545580818	3477739
699	538096908	1545580377	3477739
698	538096898	1545580301	3477739
697	538096886	1545580214	3477739
696	538096481	1545578998	3477739
695	535632742	1545465439	3477739
694	535616001	1545464574	3477739
693	535158144	1545403346	3477739
692	530116897	1545265370	3477739
691	530116142	1545265246	3477739
690	530115947	1545265198	3477739
689	529880530	1545233488	3477739
688	529172649	1545192957	3477739
687	529171491	1545192744	3477739
686	529168479	1545192215	3477739
685	529167326	1545192016	3477739
684	529133165	1545191051	3477739
683	529063568	1545189321	3477739
682	529044453	1545188888	3477739
681	529030594	1545188556	3477739
680	528957832	1545186683	3477739
679	528950066	1545186497	3477739
678	528915283	1545185280	3477739
677	528906556	1545185103	3477739
676	528901333	1545184994	3477739
675	528828825	1545183380	3477739
674	528727273	1545180810	3477739
673	527580336	1545151281	3477739
672	527578210	1545151229	3477739
671	527574805	1545151144	3477739
670	527569156	1545150992	3477739
669	527543714	1545150441	3477739
668	527521900	1545149952	3477739
667	527517453	1545149690	3477739
666	527509352	1545149483	3477739
665	527507887	1545149452	3477739
664	527487533	1545148922	3477739
663	527479520	1545148744	3477739
662	527451924	1545148099	3477739
661	527439374	1545147816	3477739
660	527438181	1545147787	3477739
659	527408346	1545147093	3477739
658	527407244	1545147074	3477739
657	527337384	1545145321	3477739
656	527334099	1545145254	3477739
655	527331390	1545145217	3477739
654	527325392	1545145088	3477739
653	527296415	1545144399	3477739
652	527294307	1545144360	3477739
651	527289174	1545144235	3477739
650	527288089	1545144168	3477739
649	527277329	1545143776	3477739
648	527275731	1545143741	3477739
647	527272597	1545143665	3477739
646	527267524	1545143544	3477739
645	527265848	1545143506	3477739
644	527254554	1545143270	3477739
643	527252848	1545143223	3477739
642	527179454	1545141525	3477739
641	527172591	1545141384	3477739
640	527170961	1545141351	3477739
639	527164732	1545141197	3477739
638	527158991	1545141064	3477739
637	527151763	1545140906	3477739
636	527131197	1545140450	3477739
635	527126270	1545140356	3477739
634	527123650	1545140288	3477739
633	527113463	1545140066	3477739
632	527108313	1545139720	3477739
631	527108051	1545139681	3477739
630	527107869	1545139637	3477739
629	527107413	1545139544	3477739
628	527097537	1545139119	3477739
627	527083909	1545138795	3477739
626	527078666	1545138674	3477739
625	527062599	1545138332	3477739
624	527059046	1545138255	3477739
623	527057665	1545138220	3477739
622	527056145	1545138174	3477739
621	527050011	1545138065	3477739
620	527047993	1545138021	3477739
619	527046524	1545137983	3477739
618	527026942	1545137572	3477739
617	527015820	1545137380	3477739
616	527010712	1545137242	3477739
615	527001302	1545137052	3477739
614	526995719	1545136923	3477739
613	526993787	1545136887	3477739
612	526989731	1545136811	3477739
611	526985842	1545136720	3477739
610	526985091	1545136698	3477739
609	526976203	1545136035	3477739
608	526971584	1545135935	3477739
607	526657508	1545128840	3477739
606	526648269	1545128658	3477739
605	525886744	1545114275	3477739
604	525886401	1545114196	3477739
603	525886169	1545114126	3477739
602	525885651	1545114046	3477739
601	525885285	1545113963	3477739
600	525885174	1545113941	3477739
599	525803098	1545095429	3477739
598	525802907	1545095393	3477739
597	525800614	1545094831	3477739
596	525686229	1545066625	3477739
595	525686034	1545066597	3477739
594	525684656	1545066283	3477739
593	525684526	1545066256	3477739
592	525684326	1545066213	3477739
591	525682951	1545065947	3477739
590	525681556	1545065649	3477739
589	525681422	1545065601	3477739
588	525680329	1545065366	3477739
587	525672299	1545063466	3477739
586	525670572	1545063035	3477739
585	525670449	1545063008	3477739
584	525670246	1545062934	3477739
583	525669601	1545062700	3477739
582	525669304	1545062617	3477739
581	525668941	1545062507	3477739
580	525668751	1545062466	3477739
579	525666533	1545061956	3477739
578	525665621	1545061755	3477739
577	525665078	1545061648	3477739
576	525664893	1545061614	3477739
575	525664613	1545061558	3477739
574	525664606	1545061529	3477739
573	525664069	1545061414	3477739
572	525662616	1545061066	3477739
571	525662466	1545061031	3477739
570	525662201	1545060984	3477739
569	525661548	1545060868	3477739
568	525660729	1545060674	3477739
567	525660451	1545060595	3477739
566	525660142	1545060519	3477739
565	525658516	1545060274	3477739
564	525656852	1545060221	3477739
563	525647319	1545060013	3477739
562	525640999	1545059800	3477739
561	525640628	1545059678	3477739
560	525640402	1545059634	3477739
559	525640253	1545059583	3477739
558	525638081	1545058763	3477739
557	525636945	1545058500	3477739
556	525636558	1545058428	3477739
555	525636399	1545058387	3477739
554	525635823	1545058257	3477739
553	525635276	1545058133	3477739
552	525345987	1545041949	3477739
551	525345911	1545041925	3477739
550	525343752	1545041480	3477739
549	525340027	1545041330	3477739
548	525337949	1545041279	3477739
547	525333865	1545041203	3477739
546	523804724	1544952303	3477739
545	518866153	1544764035	3477739
544	467374703	1544200147	3477739
543	457084572	1544089092	3477739
542	457022795	1544088170	3477739
541	456957378	1544087363	3477739
540	456943095	1544087062	3477739
539	456616247	1544082498	3477739
538	450586163	1543988641	3477739
537	450490007	1543986215	3477739
536	450489907	1543986087	3477739
535	441287238	1543851943	3477739
534	441131153	1543803416	3477739
533	439576407	1543749809	3477739
532	439576260	1543749512	3477739
531	439576250	1543749478	3477739
530	439576176	1543749411	3477739
529	439576155	1543749349	3477739
528	439576115	1543749288	3477739
527	439576114	1543749275	3477739
526	439576079	1543749209	3477739
525	439576066	1543749163	3477739
524	439576038	1543749052	3477739
523	439575787	1543748484	3477739
522	439575608	1543748284	3477739
521	439573955	1543744826	3477739
520	439568892	1543736174	3477739
519	439568879	1543736155	3477739
518	439513426	1543643847	3477739
517	439513309	1543643477	3477739
516	439513192	1543643083	3477739
515	439513113	1543642893	3477739
514	439173112	1543587353	3477739
513	439083398	1543579660	3477739
512	438782567	1543568214	3477739
511	438778655	1543568177	3477739
510	437877869	1543550360	3477739
509	437875194	1543550310	3477739
508	437860294	1543549961	3477739
507	437855042	1543549867	3477739
506	437853908	1543549835	3477739
505	437829325	1543549523	3477739
504	436872804	1543507751	3477739
503	436871977	1543505913	3477739
502	436871953	1543505858	3477739
501	436696892	1543492717	3477739
500	436365202	1543486996	3477739
499	436284732	1543485860	3477739
498	435698346	1543478285	3477739
497	434357462	1543456219	3477739
496	434357115	1543455864	3477739
495	431773875	1543419025	3477739
494	431767568	1543418874	3477739
493	431767246	1543418866	3477739
492	431766614	1543418854	3477739
491	431758183	1543418647	3477739
490	431742120	1543418214	3477739
489	431729934	1543417958	3477739
488	431621191	1543415918	3477739
487	431564136	1543414228	3477739
486	431563082	1543414064	3477739
485	431560059	1543413888	3477739
484	431557239	1543413829	3477739
483	431543018	1543413509	3477739
482	431528499	1543413194	3477739
481	431521791	1543413080	3477739
480	431504615	1543412708	3477739
479	407615759	1542609940	3477739
478	407615738	1542609912	3477739
477	407614255	1542608506	3477739
476	407612876	1542607180	3477739
475	407612692	1542606937	3477739
474	407612193	1542606331	3477739
473	407612089	1542606256	3477739
472	407611201	1542605208	3477739
471	407601614	1542601639	3477739
470	407598805	1542598497	3477739
469	407598784	1542598472	3477739
468	407598642	1542598315	3477739
467	407598611	1542598266	3477739
466	407598363	1542597943	3477739
465	407598280	1542597840	3477739
464	406350665	1542560138	3477739
463	406348234	1542560103	3477739
462	406292200	1542559398	4473061
461	406045153	1542556026	3477739
460	405335028	1542546903	3477739
459	405329937	1542546847	3477739
458	404095171	1542531236	3477739
457	403842024	1542527832	3477739
456	403791964	1542527157	3477739
455	403778377	1542526995	3477739
454	403725992	1542524661	3477739
453	403725976	1542524643	3477739
452	403725966	1542524606	3477739
451	403725838	1542524413	3477739
450	403725710	1542524271	3477739
449	403725655	1542524224	3477739
448	403725049	1542523317	3477739
447	403722536	1542520238	3477739
446	403718626	1542515454	3477739
445	403718436	1542515257	3477739
444	403718405	1542515205	3477739
443	403718380	1542515159	3477739
442	403718240	1542514979	3477739
441	402886744	1542480772	3477739
440	402884237	1542480726	3477739
439	402781361	1542478758	3477739
438	402769831	1542478609	3477739
437	402678100	1542477372	3477739
436	402674176	1542477328	3477739
435	402671336	1542477283	3477739
434	402666999	1542477238	3477739
433	402663339	1542477200	3477739
432	402650872	1542477037	3477739
431	402647171	1542476992	3477739
430	402642361	1542476937	3477739
429	402632799	1542476825	3477739
428	402629261	1542476783	3477739
427	402624259	1542476687	3477739
426	402617176	1542476542	3477739
425	402595900	1542476150	3477739
424	402590629	1542476064	3477739
423	402570614	1542475834	3477739
422	402522922	1542475266	3477739
421	398841467	1542377581	3477739
420	398840117	1542375864	3477739
419	396357981	1542339168	3477739
418	396340989	1542338652	3477739
417	396332299	1542338463	3477739
416	396302401	1542337581	3477739
415	393060585	1542299369	3477739
414	393057490	1542299326	3477739
413	393011239	1542298515	3477739
412	392972977	1542298044	3477739
411	392939721	1542295960	3477739
410	392939394	1542295539	3477739
409	392914967	1542294685	3477739
408	392914181	1542293865	3477739
407	392914140	1542293843	3477739
406	391472059	1542276202	3477739
405	378743768	1542087847	3477739
404	378743715	1542087799	3477739
403	378743636	1542087743	3477739
402	378743589	1542087686	3477739
401	378743426	1542087475	3477739
400	378742816	1542086966	3477739
399	378742692	1542086844	3477739
398	355554923	1541611320	4473061
397	290134371	1540526943	3477739
396	235803802	1540092023	3477739
395	214748634	1539844321	3477739
394	214739486	1539844225	3477739
393	214719035	1539844050	3477739
392	214665565	1539843372	3477739
391	214016073	1539827041	3477739
390	214003569	1539826821	3477739
389	212381475	1539704484	3477739
388	212370677	1539691041	3477739
387	212369315	1539689332	3477739
386	197825364	1539397978	3477739
385	197820691	1539397944	3477739
384	197775641	1539397387	3477739
383	197757147	1539397233	3477739
382	197748929	1539397172	3477739
381	173675184	1539187214	3477739
380	153692733	1538730147	3477739
379	151968011	1538665271	3477739
378	151967594	1538665248	3477739
377	151966819	1538665196	3477739
376	151962973	1538665070	3477739
375	151960720	1538664994	3477739
374	151960233	1538664953	3477739
373	151948371	1538664610	3477739
372	151946748	1538664550	3477739
371	151945983	1538664502	3477739
370	151942237	1538664417	3477739
369	151938848	1538664299	3477739
368	151937198	1538664256	3477739
367	151929092	1538664031	3477739
366	151927102	1538663981	3477739
365	151923538	1538663855	3477739
364	150189089	1538553923	3477739
363	150182833	1538553465	3477739
362	150179161	1538553196	3477739
361	149720337	1538480476	3477739
360	149479717	1538356791	3477739
359	149405182	1538325606	3477739
358	149405006	1538325567	3477739
357	149404513	1538325363	3477739
356	149400831	1538323757	3477739
355	149400778	1538323736	3477739
354	149400328	1538323566	3477739
353	149400196	1538323496	3477739
352	149396798	1538321984	3477739
351	149396689	1538321948	3477739
350	149396580	1538321897	3477739
349	149396469	1538321831	3477739
348	149396319	1538321802	3477739
347	149396267	1538321774	3477739
346	149395885	1538321598	3477739
345	149395756	1538321528	3477739
344	149390498	1538319408	3477739
343	149362678	1538306625	3477739
342	149362671	1538306602	3477739
341	149080806	1538204561	3477739
340	149037537	1538184300	3477739
339	148842945	1538102684	3477739
338	148675942	1538027838	3477739
337	148674398	1538027013	3477739
336	148628811	1538006738	3477739
335	148627273	1538006125	3477739
334	148565672	1537978738	3477739
333	148565420	1537978586	3477739
332	148565249	1537978488	3477739
331	148565046	1537978356	3477739
330	148562802	1537977376	3477739
329	148562401	1537977111	3477739
328	148562244	1537977033	3477739
327	148550309	1537968811	3477739
326	148550294	1537968764	3477739
325	148550251	1537968720	3477739
324	148550145	1537968573	3477739
323	148536522	1537949687	3477739
322	148536398	1537949592	3477739
321	148534372	1537948350	3477739
320	148529893	1537943126	3477739
319	148528980	1537941488	3477739
318	148524422	1537933328	3477739
317	148524188	1537933030	3477739
316	148523390	1537931496	3477739
315	148523169	1537931121	3477739
314	148522805	1537930443	3477739
313	148468337	1537869510	3477739
312	148468037	1537869254	3477739
311	148405832	1537778823	3477739
310	148395143	1537766953	3477739
309	148385207	1537752991	3477739
308	148385186	1537752957	3477739
307	148384981	1537752588	3477739
306	148384619	1537752085	3477739
305	148369092	1537724031	3477739
304	148363115	1537713373	3477739
303	148323243	1537697951	3477739
302	148165315	1537677024	3477739
301	148146764	1537674079	3477739
300	148144150	1537673669	3477739
299	148142237	1537673354	3477739
298	148136722	1537672511	3477739
297	148101425	1537633571	3477739
296	148100578	1537632065	3477739
295	148099737	1537630301	3477739
294	148099721	1537630258	3477739
293	148099717	1537630231	3477739
292	148099667	1537630198	3477739
291	148099585	1537630090	3477739
290	148099567	1537629993	3477739
289	148099519	1537629855	3477739
288	148099377	1537629684	3477739
287	148096936	1537626146	3477739
286	148096906	1537626109	3477739
285	148090232	1537622773	3477739
284	148090034	1537622701	3477739
283	148089881	1537622633	3477739
282	148085011	1537620263	3477739
281	148084735	1537620209	3477739
280	148075049	1537616105	3477739
279	148074358	1537615882	3477739
278	148073555	1537615578	3477739
277	148073123	1537615383	3477739
276	148066238	1537612655	3477739
275	148065614	1537612320	3477739
274	148065343	1537612218	3477739
273	148064254	1537611801	3477739
272	148061640	1537610415	3477739
271	148059580	1537609303	3477739
270	148059243	1537609182	3477739
269	148057654	1537608582	3477739
268	148053621	1537606573	3477739
267	148053360	1537606449	3477739
266	148053348	1537606425	3477739
265	148053242	1537606362	3477739
264	148053127	1537606296	3477739
263	148052759	1537606114	3477739
262	147996246	1537547208	3477739
261	147996104	1537547052	3477739
260	147996040	1537546926	3477739
259	147993525	1537542773	3477739
258	147980495	1537519531	3477739
257	147975166	1537509882	3477739
256	147975133	1537509855	3477739
255	147975058	1537509811	3477739
254	147973125	1537506009	3477739
253	147973106	1537505896	3477739
252	147973094	1537505851	3477739
251	147971758	1537503070	3477739
250	147970909	1537501019	3477739
249	147970863	1537500912	3477739
248	147970561	1537500290	3477739
247	147967988	1537494701	3477739
246	147967896	1537494525	3477739
245	147942962	1537456652	3477739
244	147941919	1537454444	3477739
243	147941884	1537454298	3477739
242	147941790	1537453988	3477739
241	147941767	1537453916	3477739
240	147941609	1537453489	3477739
239	147941489	1537453164	3477739
238	147939898	1537448441	3477739
237	147939430	1537446846	3477739
236	147939407	1537446733	3477739
235	147939000	1537445649	3477739
234	147937831	1537442563	3477739
233	147937769	1537442305	3477739
232	147937664	1537442124	3477739
231	147937619	1537441966	3477739
230	147937603	1537441916	3477739
229	147937571	1537441803	3477739
228	147937563	1537441767	3477739
227	147937531	1537441680	3477739
226	147937478	1537441561	3477739
225	147937467	1537441505	3477739
224	147937443	1537441410	3477739
223	147937422	1537441327	3477739
222	147937261	1537440782	3477739
221	147937255	1537440740	3477739
220	147937020	1537440162	3477739
219	147936821	1537439834	3477739
218	147936756	1537439572	3477739
217	147936088	1537437850	3477739
216	147936007	1537437587	3477739
215	147935998	1537437539	3477739
214	147935986	1537437495	3477739
213	147883678	1537332743	3477739
212	147883560	1537332396	3477739
211	147882707	1537330199	3477739
210	147882574	1537329925	3477739
209	147878644	1537322544	3477739
208	147878538	1537322309	3477739
207	147877721	1537321206	3477739
206	147877707	1537321103	3477739
205	147860859	1537287365	3477739
204	147860820	1537287231	3477739
203	147859453	1537283653	3477739
202	147855616	1537280757	3477739
201	147813336	1537166426	3477739
200	147813240	1537166077	3477739
199	147810913	1537159404	3477739
198	147810771	1537159008	3477739
197	147810222	1537157424	3477739
196	147809836	1537156245	3477739
195	147809450	1537155284	3477739
194	147809310	1537154788	3477739
193	147808766	1537152996	3477739
192	147808292	1537151490	3477739
191	147805774	1537143966	3477739
190	147805757	1537143890	3477739
189	147805720	1537143810	3477739
188	147792774	1537109938	3477739
187	147792744	1537109872	3477739
186	147792559	1537109373	3477739
185	147792505	1537109224	3477739
184	147792250	1537108471	3477739
183	147791789	1537107352	3477739
182	147777596	1537065895	3477739
181	147688902	1537008735	3477739
180	147688806	1537008683	3477739
179	147688765	1537008640	3477739
178	147677751	1537005505	3477739
177	147677002	1537005315	3477739
176	147676347	1537005186	3477739
175	147675857	1537005087	3477739
174	147643841	1536995976	3477739
173	147635926	1536992305	3477739
172	147633902	1536991354	3477739
171	147631749	1536990279	3477739
170	147631518	1536990185	3477739
169	147630151	1536989357	3477739
168	147525173	1536917676	3477739
167	147525156	1536917639	3477739
166	147525088	1536917486	3477739
165	147525072	1536917434	3477739
164	147522200	1536912853	3477739
163	147520367	1536910195	3477739
162	147520357	1536910159	3477739
161	147511921	1536894084	3477739
160	147511853	1536893965	3477739
159	147511020	1536892181	3477739
158	147511011	1536892155	3477739
157	147511005	1536892101	3477739
156	147488943	1536859377	3477739
155	147488845	1536859352	3477739
154	147488817	1536859318	3477739
153	147488292	1536859001	3477739
152	147487775	1536858685	3477739
151	147486379	1536857719	3477739
150	147486085	1536857480	3477739
149	147485955	1536857413	3477739
148	147485662	1536857186	3477739
147	147485089	1536856696	3477739
146	147484902	1536856588	3477739
145	147484466	1536856240	3477739
144	147482569	1536854730	3477739
143	147482555	1536854697	3477739
142	147482314	1536854451	3477739
141	147482168	1536854398	3477739
140	147481391	1536853668	3477739
139	147481305	1536853623	3477739
138	147463372	1536837644	3477739
137	147463358	1536837611	3477739
136	147462520	1536837011	3477739
135	147462507	1536836996	3477739
134	147462466	1536836926	3477739
133	147461631	1536836035	3477739
132	147461473	1536835758	3477739
131	147461470	1536835733	3477739
130	147461452	1536835645	3477739
129	147461216	1536835467	3477739
128	147461203	1536835435	3477739
127	147460916	1536835132	3477739
126	147460655	1536834704	3477739
125	147460596	1536834623	3477739
124	147449380	1536818744	3477739
123	147418082	1536766236	3477739
122	147418061	1536766195	3477739
121	147408139	1536753082	3477739
120	147407353	1536752088	3477739
119	147407218	1536752010	3477739
118	147405560	1536750004	3477739
117	147405548	1536749981	3477739
116	147405508	1536749945	3477739
115	147405476	1536749880	3477739
114	147405422	1536749803	3477739
113	147405360	1536749732	3477739
112	147405327	1536749707	3477739
111	147405175	1536749519	3477739
110	147405135	1536749479	3477739
109	147405101	1536749450	3477739
108	147405085	1536749409	3477739
107	147404858	1536749184	3477739
106	147403567	1536747813	3477739
105	147399955	1536743669	3477739
104	147399399	1536743108	3477739
103	147399386	1536743067	3477739
102	147399371	1536743043	3477739
101	147399311	1536743022	3477739
100	147399249	1536742927	3477739
99	147399046	1536742722	3477739
98	147398841	1536742507	3477739
97	147398318	1536741484	3477739
96	147398307	1536741433	3477739
95	147397547	1536740270	3477739
94	147397420	1536740043	3477739
93	147397373	1536739958	3477739
92	147388922	1536726259	3477739
91	147388305	1536725226	3477739
90	147387965	1536724423	3477739
89	147380361	1536711663	3477739
88	147380300	1536711545	3477739
87	147380188	1536711275	3477739
86	147380158	1536711185	3477739
85	147356685	1536680356	3477739
84	147356633	1536680249	3477739
83	147356578	1536680058	3477739
82	147356528	1536680025	3477739
81	147356464	1536679924	3477739
80	147356454	1536679894	3477739
79	147356385	1536679771	3477739
78	147355955	1536679132	3477739
77	147355933	1536679083	3477739
76	147355926	1536679056	3477739
75	147355917	1536679008	3477739
74	147355850	1536678845	3477739
73	147355418	1536678271	3477739
72	147346619	1536664830	3477739
71	147344371	1536661916	3477739
70	147344295	1536661858	3477739
69	147343732	1536660971	3477739
68	147342842	1536659988	3477739
67	147342572	1536659719	3477739
66	147334087	1536648317	3477739
65	147334083	1536648286	3477739
64	147334028	1536648215	3477739
63	147260698	1536465849	3477739
62	147246937	1536424948	3477739
61	147244525	1536419513	3477739
60	147244393	1536419258	3477739
59	147244341	1536419191	3477739
58	147243662	1536417872	3477739
57	147243642	1536417812	3477739
56	147243620	1536417733	3477739
55	147243336	1536416917	3477739
54	147242679	1536415402	3477739
53	147242567	1536415155	3477739
52	147242552	1536415100	3477739
51	147242301	1536414475	3477739
50	147242295	1536414448	3477739
49	147241348	1536412432	3477739
48	147221703	1536381974	3477739
47	147221683	1536381912	3477739
46	147216397	1536371262	3477739
45	147216392	1536371241	3477739
44	147216387	1536371218	3477739
43	147216383	1536371193	3477739
42	147216364	1536371147	3477739
41	147216152	1536370499	3477739
40	147216089	1536370299	3477739
39	147215986	1536370034	3477739
38	147215936	1536369963	3477739
37	147215856	1536369762	3477739
36	147215758	1536369546	3477739
35	147215727	1536369444	3477739
34	147215606	1536369221	3477739
33	147197542	1536339583	3477739
32	147197480	1536339553	3477739
31	147197155	1536339357	3477739
30	147197103	1536339319	3477739
29	147196986	1536339267	3477739
28	147195005	1536337924	3477739
27	147194928	1536337859	3477739
26	147194661	1536337670	3477739
25	147179346	1536326238	3477739
24	147175422	1536320998	3477739
23	147175268	1536320631	3477739
22	147175112	1536320278	3477739
21	147175106	1536320249	3477739
20	147175100	1536320225	3477739
19	147175093	1536320208	3477739
18	147175078	1536320173	3477739
17	147175059	1536320125	3477739
16	147175050	1536320108	3477739
15	147175043	1536320083	3477739
14	147174738	1536319788	3477739
13	147174445	1536319454	3477739
12	147174436	1536319438	3477739
11	147174401	1536319412	3477739
10	147174346	1536319319	3477739
9	147174341	1536319298	3477739
8	147174303	1536319269	3477739
7	147172177	1536315515	3477739
6	147172163	1536315491	3477739
5	147172103	1536315434	3477739
4	147171838	1536314934	3477739
3	147171716	1536314688	3477739
2	147171094	1536313569	3477739
1	147171038	1536313432	3477739
0	147170970	1536313338	3477739
