slug: archive:object-009
title: "Объект №: 9 - Пишущая машинка"
tags: []
45	1357383769	1604573643	4518363
44	1357093668	1603383107	4518363
43	986189055	1574267750	4518363
42	986189052	1574267736	4518363
41	986189027	1574267561	4518363
40	986188999	1574267360	4518363
39	961577145	1570129609	4518363
38	961577143	1570129592	4518363
37	961573624	1570115569	4518363
36	959416662	1569680918	4518363
35	949518030	1568570573	4518363
34	949517394	1568570530	4518363
33	904496189	1566198964	4518363
32	899917140	1565074278	4518363
31	899723518	1565016412	3477739
30	892764895	1563815874	4518363
29	892724237	1563737427	4518363
28	892724146	1563737074	4518363
27	892637554	1563574504	4518363
26	384679976	1542209162	4473061
25	212386153	1539711106	4739446
24	212386138	1539711066	4739446
23	169831388	1539090927	1767012
22	148581647	1537986041	4518363
21	148581369	1537985904	4518363
20	148122230	1537661363	4473061
19	148098614	1537628404	4518363
18	148098047	1537627726	4518363
17	148097983	1537627655	4518363
16	147412371	1536758673	4518363
15	147233754	1536400654	4518363
14	147232716	1536399326	4518363
13	147232699	1536399269	4518363
12	147208878	1536353993	4473061
11	147208848	1536353918	4518363
10	147208672	1536353628	4518363
9	147208581	1536353363	4518363
8	147203651	1536345199	4518363
7	147202024	1536343024	4518363
6	147201966	1536342966	4518363
5	147201780	1536342629	4518363
4	147201621	1536342416	4473061
3	147201549	1536342197	4518363
2	147201536	1536342143	4518363
1	147201522	1536342126	4518363
0	147201513	1536342101	4518363
