slug: system:page-tags
title: "Поиск по тегам"
tags: []
34	847264311	1559028382	4518363
33	147991218	1537538503	4473061
32	147991213	1537538476	4473061
31	146896306	1536005078	4473061
30	146896255	1536005014	4473061
29	146883942	1535992856	4518363
28	146883935	1535992835	4518363
27	146883912	1535992827	4518363
26	146883897	1535992816	4518363
25	146883848	1535992752	4518363
24	146883841	1535992737	4518363
23	146883764	1535992676	4518363
22	146883696	1535992602	4518363
21	146883664	1535992588	4518363
20	146883648	1535992554	4518363
19	146883618	1535992547	4518363
18	146883612	1535992517	4518363
17	146883578	1535992485	4518363
16	146883542	1535992455	4518363
15	146883537	1535992448	4518363
14	146883529	1535992437	4518363
13	146883453	1535992402	4518363
12	146883448	1535992385	4518363
11	146883445	1535992377	4518363
10	146883352	1535992345	4518363
9	146883204	1535992230	4518363
8	146883155	1535992195	4518363
7	146883115	1535992159	4518363
6	146883107	1535992118	4518363
5	146883082	1535992052	4518363
4	146883069	1535991997	4518363
3	146883064	1535991984	4518363
2	146883034	1535991873	4518363
1	146883001	1535991790	4518363
0	146882996	1535991763	4518363
