slug: rating
title: "Статьи по рейтингу"
tags: []
28	1507109656	1675162028	4518363
27	1507109644	1675161971	4518363
26	1507109547	1675161506	4518363
25	1507109529	1675161447	4518363
24	1362026093	1617476302	4518363
23	1362026042	1617475902	4518363
22	1355996715	1600788296	4518363
21	1048132012	1583568908	4518363
20	1047528557	1582999381	4518363
19	1047528501	1582998964	4518363
18	1047528486	1582998880	4518363
17	899825578	1565023737	4518363
16	899722822	1565015457	4518363
15	899688535	1565014337	4518363
14	899688331	1565014313	4518363
13	710464136	1553881860	4518363
12	699812035	1553604327	4518363
11	147368996	1536696839	4473061
10	147368279	1536695564	4518363
9	147368047	1536695239	4518363
8	147367760	1536694856	4518363
7	147367739	1536694817	4518363
6	147367725	1536694805	4518363
5	147367664	1536694662	4518363
4	147367658	1536694630	4518363
3	147366835	1536693619	4473061
2	147365314	1536691775	4473061
1	147365286	1536691719	4473061
0	146926250	1536072853	4473061
