slug: curators
title: "Список Кураторов"
tags: []
36	1360034163	1613994407	4518363
35	1357106095	1603388076	4518363
34	1357106089	1603388043	4518363
33	1355906137	1600457494	4518363
32	1198157727	1591693474	4518363
31	1198157570	1591692934	4518363
30	1122363178	1590312557	4518363
29	983962642	1574018070	4518363
28	971602157	1572028618	4518363
27	965853506	1570782636	1767012
26	959532900	1569697968	5641171
25	959021590	1569628159	5641171
24	958987784	1569625647	5641171
23	906205519	1566637503	4669655
22	905222709	1566567166	3477739
21	900217893	1565105506	3477739
20	899722817	1565015435	4518363
19	892520543	1563271729	4669655
18	892465729	1563262436	4473061
17	892465721	1563262369	4473061
16	892465327	1563261076	4518363
15	892465309	1563260967	4518363
14	891970470	1563236348	4473061
13	891928888	1563227740	4473061
12	808045633	1556848659	4669655
11	808045609	1556848596	4669655
10	808038518	1556827017	4669655
9	719284932	1554567096	4473061
8	718375988	1554302681	4473061
7	641639208	1549583889	4473061
6	218475868	1539904255	4473061
5	148767164	1538069019	4473061
4	147365280	1536691697	4473061
3	147045147	1536238647	4518363
2	147011985	1536176130	4473061
1	146942051	1536089283	4473061
0	146941279	1536088657	4473061
