slug: archive:object-066
title: "Объект №: 66 - Фентезийный мир"
tags: []
23	1357093681	1603383161	4518363
22	978941721	1573151638	5219975
21	899724090	1565017250	3477739
20	893226787	1564228202	4669655
19	893225654	1564228144	4669655
18	893224756	1564228104	4669655
17	892649969	1563622701	4669655
16	892649928	1563622536	4669655
15	892637588	1563574767	4518363
14	892637535	1563574367	4669655
13	892637514	1563574242	4669655
12	892637479	1563574157	4669655
11	892637470	1563574126	4669655
10	892637423	1563573874	4669655
9	892637408	1563573776	4669655
8	892637404	1563573755	4669655
7	836525250	1557839302	1767012
6	598341315	1547573229	4669655
5	598123950	1547567298	4669655
4	598123532	1547566730	3477739
3	598123406	1547566539	3477739
2	598119678	1547561368	4669655
1	598016720	1547558820	4669655
0	598015192	1547558784	4669655
