slug: archive:object-tan
title: "Объект TAN-3: Проволочка ковырялочка"
tags: []
21	1357093578	1603382946	4518363
20	1356769705	1602766711	4518363
19	1073357503	1586782603	4518363
18	1073357501	1586782595	4518363
17	1073357446	1586782583	4518363
16	1048166679	1583678711	4518363
15	1048166666	1583678674	4518363
14	1048166663	1583678655	4518363
13	1048166652	1583678624	4518363
12	904132132	1565787667	4518363
11	900839055	1565171927	4518363
10	899723727	1565016823	3477739
9	896360565	1564612066	5551811
8	869302660	1561527097	1767012
7	868624523	1561397544	1767012
6	868624421	1561397325	1767012
5	868616135	1561373863	1767012
4	868314343	1561365202	1767012
3	868314249	1561365027	1767012
2	868314186	1561364988	1767012
1	868314152	1561364967	1767012
0	868314119	1561364915	1767012
