slug: draft:scifyro
title: "Черновик"
tags: []
190	1367256348	1627413394	7310155
189	1367248221	1627388683	7570350
188	1359726039	1612992385	5219975
187	1359722139	1612976108	5219975
186	1359696306	1612875173	5219975
185	1127837465	1590352674	5219975
184	1084931491	1589145023	5219975
183	1084931283	1589143994	5219975
182	1084494134	1588739741	5219975
181	1084488305	1588711505	5219975
180	1084484509	1588698248	5219975
179	1084456885	1588626247	5219975
178	1084261829	1588456921	5219975
177	1084261069	1588454960	5219975
176	1084220347	1588366315	5219975
175	1084219259	1588364260	5219975
174	1073018812	1586083813	5219975
173	1073018605	1586082982	5219975
172	1073018291	1586081595	5219975
171	1050835335	1584780233	5219975
170	1050835003	1584778695	5219975
169	1050818942	1584721271	5219975
168	1050818355	1584719587	5219975
167	1050814821	1584710013	5219975
166	1050812662	1584702986	5219975
165	1050811116	1584697095	5219975
164	1050756646	1584615713	5219975
163	1050756641	1584615686	5219975
162	1034514451	1580718379	5219975
161	1034514189	1580717370	5219975
160	1034497146	1580663413	5219975
159	1034445309	1580483504	5219975
158	1034414687	1580416059	5219975
157	1034413789	1580412303	5219975
156	1033996993	1579378945	5219975
155	1033996315	1579376283	5219975
154	1033863313	1578859603	5219975
153	1033761205	1578517425	5219975
152	1033575979	1577739366	5219975
151	1033575763	1577738102	5219975
150	1033560545	1577653949	5219975
149	1033430754	1577133264	5219975
148	1033405333	1577048707	5219975
147	1033399586	1577037798	5219975
146	961155090	1569909936	5219975
145	960764329	1569864011	4518363
144	960764043	1569863354	4518363
143	960636834	1569847804	5219975
142	906186067	1566631126	5219975
141	904583909	1566328057	5219975
140	904583817	1566327806	5219975
139	904583638	1566326965	5219975
138	904582492	1566323371	5219975
137	904580040	1566315799	5219975
136	903284532	1565760710	5219975
135	901190255	1565432867	5219975
134	901154179	1565431480	5219975
133	900930446	1565378431	5219975
132	900921354	1565347901	5219975
131	900903139	1565279141	5219975
130	900878983	1565195770	5219975
129	900228255	1565109243	5219975
128	900228002	1565109061	5219975
127	900227678	1565108790	5219975
126	900227408	1565108595	5219975
125	900148123	1565096206	4518363
124	900142068	1565094551	5219975
123	900141772	1565094202	5219975
122	900133888	1565092918	5219975
121	900090192	1565091731	5219975
120	900089841	1565090946	5219975
119	900089770	1565090553	5219975
118	900089139	1565089416	5219975
117	900080852	1565089122	5219975
116	898984533	1564813296	5219975
115	895269633	1564489722	5219975
114	895266358	1564488271	5219975
113	895171344	1564482931	5219975
112	895141621	1564477590	5219975
111	892915515	1563991161	5219975
110	892915303	1563990057	5219975
109	892897272	1563957056	5219975
108	892897211	1563957000	5219975
107	892817974	1563907345	5219975
106	892815988	1563905146	5219975
105	892815868	1563904856	4518363
104	892815857	1563904760	4518363
103	892814010	1563898932	5219975
102	892808995	1563880013	5219975
101	892808986	1563879966	5219975
100	892788728	1563863781	5219975
99	892776454	1563862860	5219975
98	892718902	1563714472	5219975
97	892596313	1563444228	5219975
96	881077044	1562701648	5219975
95	880426007	1562257662	5219975
94	880422192	1562242157	5219975
93	877049796	1561888259	5219975
92	877003063	1561887456	5219975
91	876793458	1561882496	5219975
90	872888525	1561654292	5219975
89	870126651	1561542719	5219975
88	870059233	1561541724	5219975
87	869302645	1561526985	5219975
86	869158245	1561497973	5219975
85	865374405	1561239334	5219975
84	865374128	1561238223	5219975
83	853485011	1560791269	5219975
82	853372479	1560787550	5219975
81	853248700	1560782127	5219975
80	847981221	1560451104	5219975
79	847979425	1560442009	5219975
78	847975608	1560424348	5219975
77	847878027	1560186993	5219975
76	847820960	1559916288	5219975
75	847817578	1559903258	5219975
74	847817493	1559902953	5219975
73	847815875	1559895679	5219975
72	847815761	1559895091	5219975
71	847815681	1559894657	5219975
70	847815670	1559894622	5219975
69	847815258	1559892357	5219975
68	847813337	1559884290	5219975
67	847798338	1559816562	5219975
66	847797821	1559813859	5219975
65	847757377	1559634211	5219975
64	847757348	1559634006	5219975
63	847757323	1559633927	5219975
62	847711036	1559414706	5219975
61	847356249	1559249210	4473061
60	847351956	1559231699	5219975
59	847347340	1559212964	5219975
58	847345763	1559206095	5219975
57	847345631	1559205638	5219975
56	847345085	1559203040	5219975
55	847342934	1559192387	5219975
54	847323131	1559153266	5219975
53	847252899	1558979839	5219975
52	847252552	1558978455	5219975
51	847232044	1558897855	5219975
50	847186146	1558720964	5219975
49	847185817	1558719485	5219975
48	847165232	1558636290	5219975
47	847162199	1558623835	5219975
46	847162179	1558623753	5219975
45	840559605	1557925596	5219975
44	835613200	1557734540	5219975
43	835021044	1557388446	5219975
42	834973439	1557318950	5219975
41	834962374	1557296835	5219975
40	834893078	1557166062	5219975
39	834889042	1557159726	5219975
38	834879583	1557146513	5219975
37	820835085	1556981276	5219975
36	820220032	1556976836	5219975
35	818551108	1556965355	4518363
34	808027547	1556808035	5219975
33	808018979	1556784153	5219975
32	808016833	1556779347	5219975
31	808016199	1556778019	5219975
30	808016014	1556777485	5219975
29	806368821	1556627045	5219975
28	805323631	1556460118	5219975
27	805321967	1556456115	5219975
26	805319904	1556451247	5219975
25	805318959	1556448520	5219975
24	805318750	1556447945	5219975
23	731799007	1555007746	4473061
22	730661815	1554991539	5219975
21	730658540	1554991490	5219975
20	730652328	1554991387	5219975
19	730649971	1554991362	5219975
18	730456662	1554989293	5219975
17	729979742	1554983001	5219975
16	729926161	1554982265	5219975
15	729271769	1554973637	5219975
14	728932447	1554969837	5219975
13	728857608	1554969032	5219975
12	727904811	1554919100	5219975
11	727745383	1554913876	5219975
10	727741833	1554913831	5219975
9	727728438	1554913396	5219975
8	727709043	1554912611	5219975
7	727692739	1554912094	5219975
6	727670481	1554911474	5219975
5	727667949	1554911439	5219975
4	727650210	1554911147	5219975
3	727623992	1554910150	5219975
2	727623935	1554910112	5219975
1	727405656	1554903423	5219975
0	727398950	1554903297	5219975
