slug: archive:game
title: "Интерактивный рассказ"
tags: []
208	1359682321	1612814141	4518363
207	1359489756	1611946863	4518363
206	1358195329	1607183289	4518363
205	943930855	1567941128	4518363
204	892649339	1563621030	4518363
203	892649332	1563620979	4518363
202	852862147	1560768160	4518363
201	852553024	1560720874	4518363
200	852551444	1560713793	4518363
199	852551440	1560713770	4518363
198	852548507	1560699837	4518363
197	852548492	1560699693	4518363
196	852548478	1560699537	4518363
195	852548434	1560699251	4518363
194	852548380	1560699007	4518363
193	852548358	1560698907	4518363
192	852548339	1560698852	4518363
191	852547707	1560696180	4518363
190	852547691	1560696043	4518363
189	852547491	1560694746	4518363
188	852547389	1560694319	4518363
187	852547360	1560694110	4518363
186	852547355	1560694062	4518363
185	852547329	1560693873	4518363
184	852547327	1560693852	4518363
183	852547322	1560693836	4518363
182	852547319	1560693813	4518363
181	852547281	1560693526	4518363
180	852547280	1560693516	4518363
179	852547279	1560693503	4518363
178	852547270	1560693444	4518363
177	852547256	1560693402	4518363
176	852547249	1560693369	4518363
175	852547160	1560692956	4518363
174	852547153	1560692922	4518363
173	852547151	1560692898	4518363
172	852547149	1560692883	4518363
171	852547144	1560692864	4518363
170	852547142	1560692833	4518363
169	852546864	1560691440	4518363
168	852546862	1560691427	4518363
167	852546809	1560691002	4518363
166	852546794	1560690894	4518363
165	852546780	1560690790	4518363
164	852546687	1560690116	4518363
163	852323630	1560626207	4518363
162	852322953	1560626191	4518363
161	852317940	1560626051	4518363
160	852317295	1560626031	4518363
159	834945331	1557255216	4518363
158	834945287	1557255136	4518363
157	834945276	1557255099	4518363
156	834945221	1557255005	4518363
155	834942347	1557250479	4518363
154	834942315	1557250458	4518363
153	834938804	1557244461	4518363
152	834938236	1557242819	4518363
151	834938159	1557242685	4518363
150	834938123	1557242603	4518363
149	834938110	1557242536	4518363
148	834937940	1557241945	4518363
147	834937775	1557241385	4518363
146	834937770	1557241358	4518363
145	834937710	1557241213	4518363
144	834937694	1557241167	4518363
143	834937574	1557240704	4518363
142	834935104	1557235270	4518363
141	834935096	1557235253	4518363
140	834935088	1557235230	4518363
139	834934952	1557235009	4518363
138	834934940	1557234977	4518363
137	834933776	1557230506	4518363
136	834933489	1557229157	4518363
135	834933485	1557229123	4518363
134	834933482	1557229087	4518363
133	834933462	1557228958	4518363
132	834933451	1557228899	4518363
131	834933405	1557228846	4518363
130	834933401	1557228835	4518363
129	834933393	1557228796	4518363
128	834933390	1557228781	4518363
127	834929849	1557217490	4518363
126	834929834	1557217405	4518363
125	834929824	1557217366	4518363
124	834929766	1557217081	4518363
123	834929718	1557216922	4518363
122	834929467	1557215929	4518363
121	834929363	1557215521	4518363
120	834897186	1557171975	4518363
119	834896878	1557171446	4518363
118	834878975	1557145183	4518363
117	834877269	1557141836	4518363
116	834877266	1557141813	4518363
115	834877259	1557141777	4518363
114	834877254	1557141739	4518363
113	834877250	1557141723	4518363
112	834877142	1557141419	4518363
111	834877127	1557141398	4518363
110	834877014	1557141132	4518363
109	834876966	1557140998	4518363
108	834876864	1557140764	4518363
107	834876817	1557140714	4518363
106	834876773	1557140683	4518363
105	834873939	1557133148	4518363
104	834873864	1557133121	4518363
103	834873827	1557132975	4518363
102	834873779	1557132938	4518363
101	834873773	1557132881	4518363
100	834873771	1557132852	4518363
99	834873765	1557132810	4518363
98	834873758	1557132770	4518363
97	834873713	1557132535	4518363
96	834873706	1557132495	4518363
95	834873695	1557132445	4518363
94	834873686	1557132420	4518363
93	834873684	1557132387	4518363
92	834873594	1557131934	4518363
91	834873575	1557131813	4518363
90	834873559	1557131756	4518363
89	834873551	1557131719	4518363
88	834873538	1557131677	4518363
87	834873535	1557131663	4518363
86	834873520	1557131616	4518363
85	834873515	1557131584	4518363
84	834873449	1557131198	4518363
83	834873426	1557131059	4518363
82	834873390	1557130903	4518363
81	834873296	1557130685	4518363
80	834873239	1557130557	4518363
79	834873194	1557130473	4518363
78	834873179	1557130351	4518363
77	834228666	1557086558	4518363
76	834217565	1557086472	4518363
75	834211624	1557086424	4518363
74	834205544	1557086370	4518363
73	834178627	1557086197	4518363
72	834176785	1557086185	4518363
71	834163185	1557086090	4518363
70	834161914	1557086082	4518363
69	834156679	1557086042	4518363
68	834152084	1557086014	4518363
67	834147161	1557085985	4518363
66	834077356	1557085357	4518363
65	834072029	1557085291	4518363
64	834060917	1557085201	4518363
63	834052275	1557085142	4518363
62	834039786	1557085050	4518363
61	834011995	1557084777	4518363
60	833993653	1557084625	4518363
59	833955604	1557084353	4518363
58	833940825	1557084254	4518363
57	833904206	1557084009	4518363
56	833892003	1557083932	4518363
55	833840602	1557083543	4518363
54	833803419	1557083286	4518363
53	833802535	1557083278	4518363
52	833790691	1557083205	4518363
51	833788926	1557083196	4518363
50	833761123	1557083010	4518363
49	833757827	1557082984	4518363
48	833735400	1557082830	4518363
47	833722886	1557082696	4518363
46	833688156	1557082362	4518363
45	833640372	1557081760	4518363
44	833625617	1557081632	4518363
43	833620583	1557081572	4518363
42	833603533	1557081385	4518363
41	833591013	1557081253	4518363
40	833584619	1557081199	4518363
39	833516838	1557080682	4518363
38	833504709	1557080588	4518363
37	833501644	1557080561	4518363
36	833492107	1557080484	4518363
35	833479936	1557080386	4518363
34	833476896	1557080363	4518363
33	833456627	1557080175	4518363
32	833454479	1557080158	4518363
31	833450647	1557080123	4518363
30	833446044	1557080085	4518363
29	833443736	1557080064	4518363
28	833440689	1557080036	4518363
27	833436608	1557080000	4518363
26	833430050	1557079939	4518363
25	833426127	1557079901	4518363
24	833412818	1557079814	4518363
23	833401690	1557079732	4518363
22	833208594	1557078007	4518363
21	833207325	1557077997	4518363
20	833197364	1557077881	4518363
19	833194820	1557077849	4518363
18	832980824	1557076168	4518363
17	832813548	1557075004	4518363
16	832812242	1557074974	4518363
15	832809209	1557074876	4518363
14	832773449	1557074412	4518363
13	832755962	1557074297	4518363
12	832598250	1557073241	4518363
11	832536743	1557072724	4518363
10	832524307	1557072643	4518363
9	832516793	1557072601	4518363
8	832512921	1557072575	4518363
7	832501550	1557072494	4518363
6	832501154	1557072439	4518363
5	832483502	1557072318	4518363
4	832412771	1557071742	4518363
3	832405952	1557071695	4518363
2	832404770	1557071686	4518363
1	832403294	1557071671	4518363
0	832344311	1557071124	4518363
