slug: draft:setprimse
title: "Черновик. Оригинально."
tags: []
206	1034273148	1580326599	4669655
205	961558575	1570059293	4669655
204	961558366	1570057910	4669655
203	961558363	1570057898	4669655
202	961558356	1570057843	4669655
201	960128641	1569778891	4669655
200	904440995	1566026340	4669655
199	904440990	1566026318	4669655
198	892649970	1563622718	4669655
197	841140935	1557937044	4669655
196	833460201	1557080207	4669655
195	807989367	1556727931	4669655
194	806111904	1556577018	4669655
193	806111883	1556576993	4669655
192	806111783	1556576843	4669655
191	806110392	1556574408	4669655
190	806109912	1556573811	4669655
189	806109883	1556573755	4669655
188	806109879	1556573736	4669655
187	806109786	1556573553	4669655
186	806109651	1556573293	4669655
185	718417767	1554308446	4669655
184	718416727	1554308422	4669655
183	710786313	1553958674	4669655
182	710786004	1553958092	4669655
181	710785917	1553957982	4669655
180	710491435	1553891424	4669655
179	710491367	1553891343	4669655
178	710490059	1553888019	4669655
177	705072966	1553801217	4669655
176	703331260	1553771232	4669655
175	703322264	1553771086	4669655
174	702853417	1553767773	4669655
173	700875175	1553700530	4669655
172	700875143	1553700482	4669655
171	700875091	1553700411	4669655
170	700875030	1553700328	4669655
169	700874913	1553700175	4669655
168	700874676	1553699782	4669655
167	700874662	1553699756	4669655
166	700874657	1553699729	4669655
165	700874578	1553699542	4669655
164	700814254	1553681293	4669655
163	699815231	1553611107	4669655
162	699811992	1553604254	4669655
161	695669683	1553523152	4669655
160	694700129	1553511688	4669655
159	694678230	1553511509	4669655
158	694672396	1553511408	4669655
157	694663682	1553511310	4669655
156	694640642	1553511001	4669655
155	694578595	1553510225	4669655
154	694574372	1553510167	4669655
153	694512812	1553509240	4669655
152	694507607	1553509195	4669655
151	694486426	1553509038	4669655
150	694478670	1553508971	4669655
149	694269400	1553507386	4669655
148	690900282	1553453442	4669655
147	690884157	1553453139	4669655
146	690787728	1553451218	4669655
145	690784311	1553451156	4669655
144	688268770	1553381847	4669655
143	683704150	1553200217	4669655
142	683704083	1553199952	4669655
141	683491889	1553070983	4669655
140	683491772	1553070641	4669655
139	683491750	1553070603	4669655
138	683462622	1553028112	4669655
137	683462594	1553028027	4669655
136	683462572	1553027968	4669655
135	683462557	1553027921	4669655
134	683462482	1553027761	4669655
133	683462435	1553027637	4669655
132	683462069	1553026615	4669655
131	683462040	1553026556	4669655
130	683461558	1553025520	4669655
129	683461522	1553025463	4669655
128	683461387	1553025274	4669655
127	683461020	1553024773	4669655
126	683459977	1553023097	4669655
125	683459963	1553023072	4669655
124	683459957	1553023048	4669655
123	683459576	1553022131	4669655
122	683458921	1553020649	4669655
121	683455817	1553014329	4669655
120	683357975	1552921594	4669655
119	683357394	1552920333	4669655
118	683334777	1552857099	4669655
117	683328461	1552844994	4669655
116	683326892	1552839888	4669655
115	682780945	1552589648	4669655
114	682780939	1552589630	4669655
113	637690118	1548542419	4669655
112	637690093	1548542294	4669655
111	637690065	1548542166	4669655
110	637689440	1548540167	4669655
109	637689436	1548540139	4669655
108	637686474	1548529556	4669655
107	637685957	1548527892	4669655
106	635879779	1548421282	4669655
105	598011507	1547558679	4669655
104	598010359	1547558644	4669655
103	597994064	1547558213	4669655
102	590364343	1547326870	4669655
101	590364157	1547326666	4669655
100	590364118	1547326615	4669655
99	590362034	1547323582	4669655
98	589413797	1547221673	4669655
97	589307423	1547219874	4669655
96	589285681	1547219437	4669655
95	572706511	1546806185	4669655
94	572704225	1546806141	4669655
93	572650769	1546805009	4669655
92	552164196	1546350414	4669655
91	550494878	1546296632	4669655
90	550494740	1546296384	4669655
89	550494686	1546296265	4669655
88	550494611	1546296120	4669655
87	550494590	1546296083	4669655
86	550494554	1546295992	4669655
85	522885662	1544888640	4669655
84	522884844	1544888622	4669655
83	520047949	1544826704	4669655
82	520047483	1544826690	4669655
81	520045626	1544826659	4669655
80	520043693	1544826622	4669655
79	520028577	1544826270	4669655
78	519590658	1544812709	4669655
77	515790768	1544629561	4669655
76	515246384	1544628142	4669655
75	502470146	1544518317	4669655
74	491879356	1544478475	4669655
73	491876051	1544477124	4669655
72	491873337	1544476007	4669655
71	491871732	1544475313	4669655
70	491871416	1544475139	4669655
69	393154467	1542300597	4669655
68	393140080	1542300284	4473061
67	392913043	1542292637	4669655
66	392912957	1542292490	4669655
65	392912929	1542292405	4669655
64	392912801	1542292335	4669655
63	392910627	1542291662	4669655
62	392909713	1542291626	4669655
61	392908384	1542291605	4669655
60	392906915	1542291581	4669655
59	392905560	1542291547	4669655
58	392865420	1542291066	4669655
57	392797484	1542289765	4669655
56	392731407	1542288800	4669655
55	392700564	1542288549	4669655
54	384680370	1542209616	4669655
53	341801886	1541032554	4669655
52	341749393	1541032083	4473061
51	341629890	1541030822	4669655
50	341587156	1541030328	4669655
49	341557833	1541029984	4669655
48	341548879	1541029843	4669655
47	341546100	1541029796	4669655
46	341542702	1541029760	4669655
45	341471311	1541028862	4669655
44	341451213	1541028517	4669655
43	341426591	1541028199	4669655
42	341246237	1541025764	4669655
41	341235296	1541025550	4669655
40	341228645	1541025411	4669655
39	341158380	1541024555	4473061
38	340744107	1541018632	4669655
37	340736270	1541018180	4669655
36	340164962	1540998572	4669655
35	340164669	1540997940	4669655
34	340021680	1540991058	4473061
33	337028795	1540946060	4669655
32	336935453	1540945642	4669655
31	336736738	1540944926	4669655
30	335896515	1540941808	4669655
29	335869771	1540941705	4669655
28	334623246	1540936871	4669655
27	334615975	1540936846	4669655
26	334577810	1540936704	4669655
25	333938542	1540934427	4669655
24	333801824	1540934049	4669655
23	333695770	1540933673	4669655
22	333645766	1540933515	4669655
21	333557948	1540933054	4669655
20	333449277	1540932676	4669655
19	333448139	1540932582	4669655
18	333267951	1540932070	4669655
17	333200168	1540931871	4669655
16	333174779	1540931795	4669655
15	313368547	1540756018	4669655
14	313367472	1540754543	4669655
13	313365994	1540752168	4669655
12	312602106	1540721050	4518363
11	310531970	1540685402	4669655
10	310527268	1540685351	4669655
9	310502795	1540685002	4669655
8	310393698	1540683363	4669655
7	310388008	1540683275	4669655
6	309133283	1540666397	4669655
5	308927697	1540665610	4669655
4	308839172	1540665267	4669655
3	286813250	1540508495	4669655
2	285561677	1540501375	4669655
1	285542492	1540501204	4669655
0	285538846	1540501179	4669655
