slug: rules
title: "Правила сайта"
tags: []
42	1311377858	1597429199	4518363
41	1215035430	1592722172	4518363
40	1189118829	1591287071	4518363
39	1034596217	1580924395	4518363
38	1034535354	1580794199	4518363
37	978940550	1573147523	4518363
36	966033936	1571249796	4518363
35	966021596	1571221267	4518363
34	942519808	1567846032	4518363
33	901572828	1565518525	4518363
32	900425560	1565124348	4518363
31	900224665	1565106591	4518363
30	900224282	1565106288	4518363
29	900224194	1565106250	4518363
28	900223580	1565105891	4518363
27	900062756	1565087158	4518363
26	900060476	1565086859	4518363
25	900023538	1565084924	4518363
24	899844094	1565030503	4518363
23	899844090	1565030489	4518363
22	899844072	1565030312	4518363
21	899844036	1565030266	4518363
20	899843951	1565030049	4518363
19	899843947	1565030023	4518363
18	899843932	1565029859	4518363
17	899722846	1565015546	4518363
16	892884799	1563948393	4518363
15	892465390	1563261171	4518363
14	847356524	1559250138	4473061
13	725432563	1554850029	4473061
12	275981959	1540427561	4473061
11	149235149	1538246533	4473061
10	147416074	1536763587	4473061
9	147401037	1536745322	2785939
8	147365379	1536691843	4473061
7	143616018	1534859687	4473061
6	143528357	1534811777	4473061
5	143528344	1534811767	4473061
4	143525826	1534810914	4473061
3	143525761	1534810890	4473061
2	143525174	1534810684	4473061
1	143524751	1534810515	4473061
0	143524434	1534810412	4473061
