slug: archive:faq
title: "FAQ"
tags: []
36	1234970319	1594726395	4518363
35	1048109283	1583504564	4518363
34	981124033	1573717997	4518363
33	981103600	1573717137	4518363
32	971569776	1571939764	4518363
31	899722890	1565015587	4518363
30	853416706	1560788713	4518363
29	275981954	1540427552	4473061
28	167807916	1539031422	4473061
27	149437596	1538339126	4473061
26	149196227	1538234864	4473061
25	147525964	1536919260	4473061
24	147525921	1536919241	4473061
23	147524686	1536916900	2785939
22	147416071	1536763575	4473061
21	147400865	1536745014	2785939
20	147400736	1536744967	2785939
19	147365372	1536691828	4473061
18	146366315	1535641806	4473061
17	146362107	1535640534	4473061
16	144960638	1535230653	4473061
15	144959632	1535230411	4473061
14	144957276	1535229643	2785939
13	144957120	1535229585	2785939
12	143522107	1534809499	4473061
11	143521369	1534809220	4473061
10	143521109	1534809148	4473061
9	143520565	1534808955	4473061
8	143520320	1534808870	4473061
7	143520042	1534808777	4473061
6	143519450	1534808550	4473061
5	143518062	1534808064	4473061
4	143516594	1534807605	4473061
3	142475771	1534548330	4473061
2	142475417	1534548267	4473061
1	142335560	1534514307	3000509
0	142327697	1534512406	4473061
