slug: draft:undreim-page-by-user
title: "Undreim: Страницы созданные пользователем. Получать через URL"
tags: []
13	1496966845	1666903362	4518363
12	1359031659	1610365063	1767012
11	1192370265	1591438901	4518363
10	986188955	1574266921	4518363
9	892739971	1563804964	1767012
8	868523722	1561371238	1767012
7	835815886	1557819780	1767012
6	835815711	1557819578	1767012
5	835815700	1557819566	1767012
4	835815622	1557819475	1767012
3	835815605	1557819453	1767012
2	835815542	1557819392	1767012
1	835815447	1557819332	1767012
0	835815402	1557819280	1767012
