slug: nav:side
title: "Левое меню"
tags: []
180	1531070815	1752877544	4518363
179	1531070685	1752876517	4518363
178	1480130622	1660925299	4518363
177	1480130616	1660925277	4518363
176	1460035764	1649701815	4518363
175	1460035760	1649701783	4518363
174	1360286267	1615224083	6037747
173	1360282735	1615208273	6037747
172	1360282729	1615208236	6037747
171	1360268629	1615143568	6037747
170	1360268626	1615143540	6037747
169	1360267362	1615137395	6037747
168	1360267332	1615137275	7310155
167	1360267080	1615135252	6037747
166	1360267074	1615135185	6037747
165	1360267070	1615135167	6037747
164	1360247156	1615037142	4518363
163	1360246566	1615034228	4518363
162	1360246544	1615034097	4518363
161	1360246514	1615033966	4518363
160	1360246437	1615033422	4518363
159	1360246327	1615032761	4518363
158	1360246306	1615032628	4518363
157	1360246297	1615032604	4518363
156	1360246256	1615032307	4518363
155	1360246250	1615032284	4518363
154	1360246146	1615031415	4518363
153	1360246133	1615031315	4518363
152	1359033258	1610372005	4518363
151	1339506756	1599933054	4518363
150	1311417946	1597615898	4518363
149	1235957454	1594756289	4518363
148	1235949229	1594756153	4518363
147	1198156492	1591688717	4518363
146	1198156443	1591688406	4518363
145	1034196144	1580055731	4518363
144	1033706167	1578255190	4518363
143	1033706160	1578255150	4518363
142	986191412	1574280932	4518363
141	986191361	1574280703	4518363
140	986191193	1574279762	4518363
139	986191172	1574279598	4518363
138	986191100	1574279109	4518363
137	974818288	1572709276	4518363
136	974818262	1572709183	4518363
135	974818201	1572709067	4518363
134	961576185	1570125774	4518363
133	960153559	1569781271	4518363
132	960151827	1569781035	4518363
131	960147639	1569780909	5641171
130	960134637	1569780419	5641171
129	960131454	1569780331	5641171
128	960130722	1569780312	5641171
127	959479619	1569690451	5641171
126	959479617	1569690438	5641171
125	959479566	1569690353	5641171
124	959479548	1569690258	5641171
123	959479538	1569690226	5641171
122	959479455	1569690120	5641171
121	959479453	1569690070	5641171
120	959479449	1569690047	5641171
119	959479369	1569689843	5641171
118	959478157	1569689448	5641171
117	959474800	1569689287	5641171
116	959469531	1569688880	5641171
115	959469520	1569688816	5641171
114	942520157	1567846729	4518363
113	926821530	1567414478	5104239
112	916186214	1567186239	4518363
111	904353791	1565845596	3477739
110	899891936	1565069497	3477739
109	899724277	1565017530	4518363
108	899723704	1565016725	4518363
107	899723097	1565015903	4518363
106	899722922	1565015736	4518363
105	899451733	1565003278	5104239
104	899429986	1565002567	5104239
103	899425890	1565002214	4518363
102	896339102	1564597251	4518363
101	896339099	1564597205	4518363
100	892819535	1563908026	4518363
99	892584674	1563404738	4518363
98	892521146	1563273717	4518363
97	892465685	1563262110	4518363
96	892465673	1563262067	4518363
95	452583361	1544044287	4473061
94	390926257	1542271496	4473061
93	390888757	1542271290	4473061
92	390859884	1542271087	4473061
91	234559651	1540076158	4473061
90	149437075	1538338919	4473061
89	148497261	1537888929	4473061
88	148497229	1537888874	4473061
87	148497117	1537888829	4473061
86	148496992	1537888683	4473061
85	148496988	1537888671	4473061
84	148496873	1537888539	4473061
83	148496866	1537888518	4473061
82	148496851	1537888467	4473061
81	148496794	1537888395	4473061
80	148496710	1537888304	4473061
79	148360324	1537708374	2785939
78	147991535	1537539355	4473061
77	147991496	1537539258	4473061
76	147991300	1537538807	4473061
75	147991076	1537538230	4473061
74	147989860	1537535973	4473061
73	147882723	1537330220	2785939
72	147882699	1537330163	2785939
71	147470865	1536844421	4473061
70	147368210	1536695473	4518363
69	147367910	1536695095	4518363
68	147367285	1536694207	4473061
67	147366843	1536693658	4473061
66	147365689	1536692202	4473061
65	146926155	1536072711	4473061
64	146905361	1536016428	4473061
63	146902836	1536011195	4473061
62	146895631	1536004448	4473061
61	146882794	1535991407	4518363
60	145189167	1535303095	4473061
59	145188926	1535303037	4473061
58	145188782	1535302992	4473061
57	145188701	1535302981	4473061
56	145188698	1535302974	4518363
55	145186748	1535302420	4518363
54	145184260	1535301763	4473061
53	145183092	1535301478	4473061
52	145182937	1535301443	4473061
51	145182897	1535301433	4473061
50	144961834	1535231012	4473061
49	144613915	1535118808	4473061
48	144353454	1535041490	4518363
47	144353423	1535041477	4518363
46	144353420	1535041463	4518363
45	144350837	1535040237	4518363
44	144350831	1535040219	4518363
43	143616267	1534859756	4473061
42	143616250	1534859737	4473061
41	143616121	1534859715	4473061
40	143523522	1534810022	4473061
39	143523184	1534809914	4473061
38	143522870	1534809788	4473061
37	142645878	1534609049	3000509
36	142645869	1534609033	3000509
35	142607969	1534595087	3000509
34	142607965	1534595076	3000509
33	142595567	1534591154	3000509
32	142336089	1534514451	3000509
31	142312904	1534508835	3000509
30	142078321	1534452506	3000509
29	142078010	1534452453	3000509
28	142077932	1534452428	3000509
27	141745235	1534364684	4473061
26	141637803	1534341882	4473061
25	141636731	1534341540	4473061
24	141636652	1534341522	4473061
23	141636494	1534341471	4473061
22	141630183	1534339588	4473061
21	141630163	1534339576	4473061
20	141629667	1534339484	4473061
19	141629481	1534339420	4473061
18	141629357	1534339379	4473061
17	141629325	1534339365	4473061
16	141629197	1534339318	4473061
15	141628692	1534339149	4473061
14	141628280	1534339027	4473061
13	141628202	1534339002	4473061
12	141628177	1534338986	4473061
11	141627852	1534338887	4473061
10	141627183	1534338714	4473061
9	141627069	1534338655	4473061
8	141385606	1534278263	4473061
7	141380303	1534277329	4473061
6	141231289	1534255018	4473061
5	140979381	1534192484	4473061
4	140979226	1534192459	4473061
3	140977125	1534191933	4473061
2	140974989	1534191371	4473061
1	140973047	1534190854	4473061
0	140971371	1534190417	4473061
