slug: nav:top
title: "Верхнее меню"
tags: []
139	1459881889	1649222512	4518363
138	1459881846	1649222479	4518363
137	1360281454	1615201695	6069031
136	1360279378	1615194518	7310155
135	1360267232	1615136169	6037747
134	1360267190	1615135887	6037747
133	1360248530	1615042949	4518363
132	1360247100	1615036847	4518363
131	1360246518	1615033985	4518363
130	1359033560	1610373365	4518363
129	1359033534	1610373254	4518363
128	1357848106	1606237757	4518363
127	1357121569	1603449570	4518363
126	1202525900	1592065175	4518363
125	1198157725	1591693463	4518363
124	1198157724	1591693451	4518363
123	1198156761	1591689814	4518363
122	1198156441	1591688400	4518363
121	1191803070	1591420728	4518363
120	1073019446	1586086688	4518363
119	1066971673	1585731016	4518363
118	1033376868	1576949923	4518363
117	986301559	1574402129	5219975
116	985818352	1574067363	5219975
115	978978349	1573226290	4518363
114	978948939	1573189677	4518363
113	974847777	1572710544	4518363
112	972411759	1572620385	4518363
111	965992967	1571162428	4518363
110	961576234	1570126176	4518363
109	961576197	1570125839	4518363
108	961576187	1570125790	4518363
107	961574060	1570117053	5641171
106	961574053	1570117010	5641171
105	961572724	1570112231	5641171
104	961572713	1570112204	5641171
103	959479639	1569690551	5641171
102	959479468	1569690161	5641171
101	959479435	1569690000	5641171
100	959469452	1569688580	5641171
99	959021945	1569628948	5641171
98	926711285	1567412098	5104239
97	926700227	1567411295	5104239
96	926699399	1567410530	5104239
95	926698963	1567410368	5104239
94	900650575	1565152130	3477739
93	899724297	1565017671	4518363
92	899724291	1565017610	4518363
91	899425834	1565002203	4518363
90	868654944	1561478286	4473061
89	847687892	1559313358	4473061
88	727981195	1554923384	4473061
87	727981187	1554923318	4473061
86	710491421	1553891403	4518363
85	710490333	1553888661	4518363
84	329009593	1540916805	4473061
83	312848511	1540725307	4473061
82	282887196	1540486640	4473061
81	282830936	1540486279	4473061
80	160080104	1538869136	4473061
79	160080100	1538869124	4473061
78	158454693	1538836243	4473061
77	149988731	1538521503	4473061
76	149988728	1538521488	4473061
75	149987623	1538521210	4473061
74	149605124	1538416436	4473061
73	149605057	1538416384	4473061
72	149437255	1538339009	4473061
71	149437249	1538338991	4473061
70	149361137	1538305986	4473061
69	149270270	1538262818	4473061
68	149270138	1538262800	4473061
67	149270037	1538262749	4473061
66	149245933	1538251772	4473061
65	148780496	1538075182	4473061
64	148773275	1538071840	4473061
63	148772177	1538071442	4473061
62	148366707	1537719517	4473061
61	148363549	1537714140	4473061
60	148363446	1537713961	4473061
59	148343775	1537701855	4473061
58	147991312	1537538853	4473061
57	147991068	1537538174	4473061
56	147989853	1537535944	4473061
55	147865905	1537300644	4473061
54	147707123	1537013935	4473061
53	147501937	1536873692	4473061
52	147495603	1536864575	4473061
51	147495012	1536863678	4473061
50	147494866	1536863504	4473061
49	147367319	1536694262	4473061
48	147365749	1536692270	4473061
47	147365352	1536691804	4473061
46	147210226	1536357003	4473061
45	147005614	1536164421	4473061
44	146941407	1536088767	4473061
43	146940504	1536088198	4473061
42	146900730	1536009130	4473061
41	145859783	1535491938	4473061
40	145583554	1535401642	4473061
39	145224139	1535311923	4473061
38	145217299	1535310202	4473061
37	144968398	1535233101	4473061
36	144866570	1535211402	4473061
35	144866247	1535211360	4473061
34	144625508	1535123111	4473061
33	144622570	1535121848	4473061
32	144611835	1535118197	4473061
31	143626144	1534863103	4473061
30	142955886	1534676851	2785939
29	142632860	1534603122	4473061
28	142313119	1534508916	4473061
27	141612131	1534334349	4473061
26	141427410	1534285484	4473061
25	141386123	1534278384	4473061
24	141385246	1534278201	4473061
23	141381310	1534277496	4473061
22	141381046	1534277453	4473061
21	141373460	1534276225	4473061
20	141372962	1534276151	4473061
19	141372844	1534276140	4473061
18	141372199	1534276035	4473061
17	141371920	1534275992	4473061
16	141371831	1534275982	4473061
15	141371790	1534275968	4473061
14	141371581	1534275930	4473061
13	141371121	1534275855	4473061
12	141371073	1534275832	4473061
11	141370932	1534275817	4473061
10	141370835	1534275770	4473061
9	141224685	1534253903	4473061
8	141223579	1534253685	4473061
7	141223506	1534253667	4473061
6	141223454	1534253653	4473061
5	141223021	1534253580	4473061
4	141222951	1534253567	4473061
3	141222295	1534253445	4473061
2	140977943	1534192150	4473061
1	140977863	1534192117	4473061
0	140977474	1534192021	4473061
