slug: archive:object-028
title: "Объект №: 28 - Гори все синим пламенем!"
tags: []
20	1357093595	1603383045	4518363
19	904132182	1565787880	4518363
18	901064379	1565429490	3477739
17	901019731	1565425721	3477739
16	899723742	1565016848	3477739
15	898912071	1564744267	3477739
14	892562257	1563337496	3477739
13	880416289	1562222682	3477739
12	880413870	1562213601	3477739
11	844856446	1558094557	3477739
10	844856391	1558094457	3477739
9	839985550	1557915576	3477739
8	836354083	1557835931	1767012
7	801927727	1555946649	3477739
6	801927685	1555946443	3477739
5	800212350	1555864504	3477739
4	800212292	1555864365	3477739
3	800211644	1555863256	3477739
2	800211448	1555862830	3477739
1	800211444	1555862812	3477739
0	800211436	1555862768	3477739
