slug: archive:object-lua
title: "Объект LUA-4: Тараканы в голове"
tags: []
33	1357093551	1603382846	4518363
32	1356770389	1602768852	4518363
31	1073062765	1586201239	4518363
30	1048166837	1583679254	4518363
29	1048166830	1583679232	4518363
28	1048166824	1583679213	4518363
27	1048166821	1583679201	4518363
26	1034523619	1580747802	5219975
25	1034523503	1580747301	5219975
24	1034512175	1580711145	5219975
23	1034511688	1580709557	5219975
22	1034498569	1580667655	4518363
21	1034495614	1580658699	5219975
20	988539832	1575194394	5219975
19	960764725	1569864977	4518363
18	960764695	1569864871	5219975
17	960626178	1569846315	5219975
16	900878682	1565195449	5219975
15	899723941	1565017080	3477739
14	898579062	1564728979	5551811
13	898577195	1564728906	5551811
12	898575957	1564728858	5551811
11	898548062	1564727234	5219975
10	898518162	1564726470	5219975
9	896809614	1564648732	5551811
8	896360672	1564613394	5551811
7	819928559	1556974932	5219975
6	809452083	1556889497	5219975
5	805319084	1556449031	5219975
4	805318760	1556447977	5219975
3	800216692	1555881086	4473061
2	731761223	1555007209	5219975
1	731754654	1555007147	5219975
0	731748259	1555007070	5219975
