slug: archive:object-son
title: "Объект SON-3: Карманный телепорт"
tags: []
14	1357093559	1603382880	4518363
13	1356770385	1602768843	4518363
12	1048167754	1583682089	4518363
11	1048167662	1583681701	4518363
10	1034495739	1580658950	4383339
9	1033917325	1579093230	4383339
8	904132149	1565787728	4518363
7	899724335	1565017709	3477739
6	840756480	1557930572	1767012
5	840602820	1557927056	1767012
4	840596779	1557926864	1767012
3	840595894	1557926844	1767012
2	840594097	1557926801	1767012
1	840592315	1557926760	1767012
0	840591328	1557926731	1767012
