slug: archive:object-pem
title: "Объект PEM-3: Кривое зеркало"
tags: []
38	1357093600	1603383068	4518363
37	1356769750	1602766751	4518363
36	1048167168	1583680213	4518363
35	1048167167	1583680204	4518363
34	1048167161	1583680173	4518363
33	1048167158	1583680160	4518363
32	1033919308	1579102726	4383339
31	1033740504	1578429586	4518363
30	904132139	1565787690	4518363
29	899724113	1565017316	3477739
28	801976260	1556012126	1767012
27	645178958	1550404267	3820690
26	645178886	1550403861	3820690
25	645178612	1550402809	3820690
24	645178586	1550402704	3820690
23	384680219	1542209444	4473061
22	172159562	1539160976	4473061
21	171691877	1539150393	4698374
20	169831664	1539090947	1767012
19	166626949	1539005860	4162658
18	148916712	1538126694	1767012
17	148122189	1537661239	4473061
16	148103712	1537637425	4473061
15	148100361	1537631439	1767012
14	147999018	1537550727	1767012
13	147547138	1536944366	4473061
12	147433114	1536789832	4473061
11	147416081	1536763597	2785939
10	147412381	1536758686	4518363
9	147368605	1536696094	4473061
8	147368177	1536695451	1767012
7	147368087	1536695278	1767012
6	147361785	1536686986	4473061
5	147360854	1536686074	4473061
4	147342426	1536659439	1767012
3	147342042	1536658970	1767012
2	147342005	1536658878	1767012
1	147332724	1536646395	1767012
0	147332691	1536646306	1767012
