slug: draft:undreim
title: "Undreim"
tags: []
208	1359262317	1611128461	1767012
207	1357702908	1605688693	1767012
206	1311304219	1597146421	1767012
205	1224171936	1594287653	1767012
204	1215230364	1593424283	1767012
203	1215111107	1593000707	1767012
202	1215057845	1592823784	1767012
201	1211791199	1592382075	1767012
200	1158457414	1590581629	1767012
199	1073075417	1586238380	1767012
198	1072950674	1585898818	1767012
197	1072949979	1585896780	1767012
196	1035123384	1581503459	1767012
195	1034113533	1579761074	1767012
194	1034064541	1579587580	1767012
193	1033771891	1578570340	1767012
192	1033436756	1577170590	1767012
191	945386767	1568103087	1767012
190	945370916	1568100686	1767012
189	909715973	1567072552	1767012
188	909643871	1567071401	1767012
187	904575918	1566306979	1767012
186	904495493	1566197983	1767012
185	904417959	1565961921	1767012
184	903755281	1565773524	1767012
183	903720440	1565772671	1767012
182	903382679	1565763214	1767012
181	902939153	1565701038	1767012
180	902670079	1565683315	1767012
179	901623240	1565610851	1767012
178	901623125	1565610523	1767012
177	899086634	1564985528	1767012
176	892916690	1563996234	1767012
175	892907072	1563963320	1767012
174	892804943	1563866289	1767012
173	892633784	1563558615	1767012
172	892633778	1563558595	1767012
171	892591971	1563432085	1767012
170	892591526	1563430783	1767012
169	892591512	1563430735	1767012
168	892464241	1563257840	1767012
167	890832733	1563184011	1767012
166	881301249	1562764005	1767012
165	881087326	1562747963	1767012
164	881087173	1562747094	1767012
163	881064419	1562656214	1767012
162	881064289	1562655819	1767012
161	881052188	1562605062	1767012
160	881014026	1562421663	1767012
159	881013759	1562420593	1767012
158	881010536	1562407159	1767012
157	880522287	1562311344	1767012
156	880431062	1562266012	1767012
155	880417719	1562227370	1767012
154	878743458	1562003304	1767012
153	878743452	1562003276	1767012
152	873775731	1561718224	1767012
151	873355924	1561706954	1767012
150	868642739	1561443202	1767012
149	868624458	1561397396	1767012
148	868623852	1561395960	1767012
147	868621086	1561387797	1767012
146	868616913	1561375854	1767012
145	868616321	1561374181	1767012
144	868340426	1561366161	1767012
143	868314261	1561365110	1767012
142	868314114	1561364889	1767012
141	868312765	1561364587	1767012
140	855616574	1560861732	1767012
139	855603918	1560861067	1767012
138	855601882	1560860987	1767012
137	855355843	1560852327	1767012
136	855092330	1560843428	1767012
135	854952915	1560839481	1767012
134	852548825	1560701709	1767012
133	847972752	1560413153	1767012
132	847894893	1560240475	1767012
131	847865780	1560146885	1767012
130	847779053	1559732574	1767012
129	847776104	1559717947	1767012
128	847756945	1559632006	1767012
127	847743372	1559572568	1767012
126	847743078	1559571477	1767012
125	847742992	1559571090	1767012
124	847742782	1559570123	1767012
123	847739594	1559553640	1767012
122	847739592	1559553622	1767012
121	847739586	1559553601	1767012
120	847739580	1559553569	1767012
119	847739571	1559553513	1767012
118	847737750	1559545546	1767012
117	847737507	1559544038	1767012
116	847364314	1559286191	1767012
115	847299404	1559132926	1767012
114	847287462	1559117402	1767012
113	847017325	1558440816	1767012
112	844851055	1558082210	1767012
111	844850385	1558080338	1767012
110	840591615	1557926738	1767012
109	840586610	1557926621	1767012
108	839440204	1557906872	1767012
107	836705240	1557842530	1767012
106	836528602	1557839342	1767012
105	836519064	1557839192	1767012
104	836405264	1557836964	1767012
103	836383302	1557836590	1767012
102	836378555	1557836533	1767012
101	836375589	1557836499	1767012
100	836313771	1557835245	1767012
99	835816512	1557820361	1767012
98	835814380	1557818147	1767012
97	835814165	1557817950	1767012
96	835814005	1557817754	1767012
95	835813410	1557817287	1767012
94	835813370	1557817243	1767012
93	835812592	1557816732	1767012
92	835812246	1557816365	1767012
91	835450039	1557688924	1767012
90	835446890	1557687795	1767012
89	835384055	1557663757	1767012
88	835378369	1557661557	1767012
87	834884352	1557154761	1767012
86	834884314	1557154714	1767012
85	834883872	1557154235	1767012
84	834877104	1557141343	1767012
83	834876263	1557139558	1767012
82	830595386	1557054151	1767012
81	829890961	1557048559	1767012
80	806374497	1556636724	1767012
79	806374467	1556636640	1767012
78	805802871	1556545572	1767012
77	805581813	1556538013	1767012
76	805581440	1556537210	1767012
75	802085236	1556200537	1767012
74	802072595	1556179681	1767012
73	802072249	1556179078	1767012
72	802028278	1556096071	1767012
71	802022100	1556085673	1767012
70	802021570	1556084507	1767012
69	801997920	1556029531	1767012
68	801997155	1556026977	1767012
67	801996858	1556026087	1767012
66	801993198	1556025969	1767012
65	801990704	1556025899	1767012
64	801986767	1556025790	1767012
63	801985777	1556025756	1767012
62	801982801	1556025662	1767012
61	801982039	1556024443	1767012
60	801981457	1556023423	1767012
59	801981401	1556023295	1767012
58	801981343	1556023170	1767012
57	801977678	1556014885	1767012
56	801977465	1556014598	1767012
55	801976010	1556011536	1767012
54	801931018	1555952258	1767012
53	801924107	1555939154	1767012
52	801544177	1555922787	1767012
51	650244330	1551085394	1767012
50	538858192	1545809793	1767012
49	406583632	1542569254	1767012
48	379421818	1542105913	1767012
47	379371939	1542103453	1767012
46	355118958	1541604766	4473061
45	353263541	1541503655	1767012
44	349374892	1541134105	1767012
43	340219271	1541007281	1767012
42	219864191	1539932476	1767012
41	212370933	1539691401	1767012
40	212300642	1539615821	1767012
39	212262757	1539587453	1767012
38	212261735	1539586059	1767012
37	169863225	1539091660	1767012
36	169858021	1539091569	1767012
35	169852040	1539091441	1767012
34	169803862	1539090220	1767012
33	167219692	1539018812	1767012
32	148405562	1537778274	1767012
31	147999477	1537551370	1767012
30	147999326	1537551092	1767012
29	147999320	1537551044	1767012
28	147844859	1537252987	1767012
27	147844657	1537252307	1767012
26	147824273	1537194900	1767012
25	147820103	1537185246	1767012
24	147478818	1536850228	1767012
23	147426764	1536779099	1767012
22	147425429	1536776829	1767012
21	147421734	1536771711	1767012
20	147421697	1536771668	1767012
19	147421648	1536771581	1767012
18	147363451	1536688883	1767012
17	147362550	1536687905	1767012
16	147362195	1536687446	1767012
15	147361903	1536687075	1767012
14	147361696	1536686848	1767012
13	147361680	1536686794	1767012
12	147332645	1536646141	1767012
11	147301771	1536579233	1767012
10	147299501	1536573148	1767012
9	147299064	1536572076	1767012
8	147298823	1536571358	1767012
7	147298718	1536571044	1767012
6	147298634	1536570756	1767012
5	147298613	1536570718	1767012
4	147298578	1536570597	1767012
3	147280239	1536522075	4473061
2	147279576	1536520120	1767012
1	147178585	1536325662	1767012
0	147069686	1536258327	1767012
