slug: draft:murzei-chaos
title: "Объект номер 666 мнимых единиц"
tags: []
19	651082990	1551426403	2815284
18	645190226	1550434169	2815284
17	641746410	1549822753	2815284
16	641722692	1549750605	2815284
15	641722625	1549750484	2815284
14	641720607	1549744975	2815284
13	641720592	1549744927	2815284
12	641716837	1549733346	2815284
11	641716774	1549733074	2815284
10	641716625	1549732680	2815284
9	641716488	1549732214	2815284
8	641716392	1549731718	2815284
7	641716329	1549731555	2815284
6	641716294	1549731386	2815284
5	641716137	1549731011	2815284
4	641716128	1549730964	2815284
3	641716089	1549730830	2815284
2	641716074	1549730787	2815284
1	641715987	1549730525	2815284
0	641715885	1549730238	2815284
