slug: draft:redseet
title: "Черновик Redseet"
tags: []
441	1461202813	1652940835	2679482
440	1461132679	1652701428	2679482
439	1461127436	1652675200	2679482
438	1461127401	1652675163	2679482
437	1461127396	1652675130	2679482
436	1461116044	1652622984	2679482
435	1461115575	1652621418	2679482
434	1461004587	1652336104	2679482
433	1461004580	1652336029	2679482
432	1461004550	1652335810	2679482
431	1461004544	1652335767	2679482
430	1461004418	1652335163	2679482
429	1461004414	1652335126	2679482
428	1461004405	1652335054	2679482
427	1461003457	1652331523	2679482
426	1461003418	1652331461	2679482
425	1461003029	1652329383	2679482
424	1460930655	1652024522	2679482
423	1460930526	1652024105	2679482
422	1460930507	1652023940	2679482
421	1460930449	1652023764	2679482
420	1460930267	1652023355	4518363
419	1460929987	1652022044	2679482
418	1460929968	1652021917	4518363
417	1460929953	1652021824	2679482
416	1460929949	1652021792	2679482
415	1460929942	1652021726	2679482
414	1460929723	1652020863	2679482
413	1460929269	1652018810	2679482
412	1460929191	1652018428	2679482
411	1460929140	1652018074	2679482
410	1460929123	1652017891	2679482
409	1460929120	1652017849	2679482
408	1460929117	1652017821	2679482
407	1460929097	1652017657	2679482
406	1460928480	1652015248	2679482
405	1460928198	1652014341	2679482
404	1460830214	1651675632	2679482
403	1460817966	1651638380	2679482
402	1460801088	1651589788	2679482
401	1460798732	1651583305	2679482
400	1460798171	1651581747	2679482
399	1389383798	1646540267	2679482
398	1389383795	1646540247	2679482
397	1387911902	1640763922	2679482
396	1387308234	1638714766	2679482
395	1386504332	1637589246	2679482
394	1386502933	1637585138	2679482
393	1386502613	1637584457	2679482
392	1386501880	1637582037	2679482
391	1386501056	1637577720	2679482
390	1386501047	1637577674	2679482
389	1386500844	1637576724	2679482
388	1386500131	1637573285	2679482
387	1386500082	1637572980	2679482
386	1386499505	1637569627	2679482
385	1386498980	1637567103	2679482
384	1386498838	1637566418	2679482
383	1386497433	1637560183	2679482
382	1386497407	1637559949	2679482
381	1386497031	1637557880	2679482
380	1386496034	1637553134	2679482
379	1386495951	1637552773	2679482
378	1386486359	1637503807	2679482
377	1386484700	1637496032	2679482
376	1386483704	1637491673	2679482
375	1386482877	1637486820	2679482
374	1386481811	1637482285	2679482
373	1386481804	1637482272	2679482
372	1386481799	1637482257	2679482
371	1386481795	1637482237	2679482
370	1385411170	1635255827	2679482
369	1385411167	1635255803	2679482
368	1377083988	1630073456	2679482
367	1376977037	1630070665	2679482
366	1370581094	1629020449	2679482
365	1370571416	1629020309	2679482
364	1370561360	1629020152	2679482
363	1370520670	1629019406	2679482
362	1370471384	1629018392	2679482
361	1370300345	1629015403	2679482
360	1366956302	1625908184	2679482
359	1366956099	1625907255	2679482
358	1366954056	1625896882	2679482
357	1366879590	1625579123	2679482
356	1366879467	1625578552	2679482
355	1366879377	1625578056	2679482
354	1366874673	1625553107	2679482
353	1366874552	1625552930	2679482
352	1366393851	1623410674	2679482
351	1366393793	1623410425	2679482
350	1366393737	1623410148	2679482
349	1366393611	1623409837	2679482
348	1366393602	1623409812	2679482
347	1366393581	1623409766	2679482
346	1366393577	1623409749	2679482
345	1366393572	1623409716	2679482
344	1366393564	1623409662	2679482
343	1366393560	1623409650	2679482
342	1366393528	1623409528	2679482
341	1366393519	1623409484	2679482
340	1366393359	1623408853	2679482
339	1365941006	1622122412	2679482
338	1364914311	1620228951	2679482
337	1364902885	1620217626	2679482
336	1361969978	1617192930	2679482
335	1361919102	1616918371	2679482
334	1361919089	1616918329	2679482
333	1361918124	1616913245	2679482
332	1360797182	1615997357	2679482
331	1360797160	1615997273	2679482
330	1360499662	1615708572	2679482
329	1360499596	1615707874	2679482
328	1360231234	1614960309	2679482
327	1360230638	1614958618	2679482
326	1360230359	1614957657	2679482
325	1360229093	1614952562	2679482
324	1360228622	1614951271	2679482
323	1360227939	1614949764	2679482
322	1360227357	1614946870	2679482
321	1360013472	1613890723	2679482
320	1360011858	1613881430	2679482
319	1359942388	1613580952	2679482
318	1359942121	1613580290	2679482
317	1359627473	1612602797	2679482
316	1359627328	1612602105	2679482
315	1359627296	1612601884	2679482
314	1359627116	1612600566	2679482
313	1359626668	1612598428	2679482
312	1359626442	1612597055	2679482
311	1359555426	1612272516	2679482
310	1359374380	1611418700	2679482
309	1359372645	1611409980	2679482
308	1359365706	1611400748	2679482
307	1359365641	1611400325	2679482
306	1359365568	1611399714	2679482
305	1359353328	1611333231	2679482
304	1359352801	1611331309	2679482
303	1359246435	1611072421	4518363
302	1359246235	1611071936	2679482
301	1359246204	1611071920	2679482
300	1359246138	1611071678	2679482
299	1359246014	1611071381	2679482
298	1359245998	1611071326	2679482
297	1359245802	1611070653	2679482
296	1359238375	1611042439	2679482
295	1359237109	1611036259	2679482
294	1359237107	1611036241	2679482
293	1359237102	1611036190	2679482
292	1359237085	1611036038	2679482
291	1359236906	1611035338	2679482
290	1359236904	1611035317	2679482
289	1359236899	1611035285	2679482
288	1359035018	1610379703	2679482
287	1359034573	1610378023	2679482
286	1358116586	1607000960	2679482
285	1357209819	1603788006	2679482
284	1357208364	1603781913	2679482
283	1357122731	1603455050	2679482
282	1357094066	1603384846	2679482
281	1357094062	1603384832	2679482
280	1357038488	1603344634	2679482
279	1357038483	1603344608	2679482
278	1357038152	1603342435	2679482
277	1357037273	1603336418	2679482
276	1356188246	1601476479	2679482
275	1356187971	1601475504	2679482
274	1356187352	1601473458	2679482
273	1356162192	1601388510	2679482
272	1356161939	1601388092	2679482
271	1356140780	1601300826	2679482
270	1356140614	1601300010	2679482
269	1349333964	1600090547	2679482
268	1349152684	1600088726	2679482
267	1349135147	1600088524	2679482
266	1346716293	1600063933	2679482
265	1319007447	1599233496	2679482
264	1318974319	1599233178	2679482
263	1318633000	1598888105	2679482
262	1318614305	1598804741	2679482
261	1318613360	1598802801	2679482
260	1318610536	1598796491	2679482
259	1318609934	1598794754	2679482
258	1318608641	1598790313	2679482
257	1318608088	1598788282	2679482
256	1318512499	1598440410	2679482
255	1311433450	1597678295	2679482
254	1311432828	1597676676	2679482
253	1311146214	1596729222	2679482
252	1311146203	1596729146	2679482
251	1311145752	1596727265	2679482
250	1311145601	1596726611	2679482
249	1311145149	1596725308	2679482
248	1311144800	1596723438	2679482
247	1311144788	1596723369	2679482
246	1311144689	1596722915	2679482
245	1311144617	1596722461	2679482
244	1311144518	1596722121	2679482
243	1311144456	1596721778	2679482
242	1303251853	1596098156	2679482
241	1302939267	1596092799	2679482
240	1234973494	1594737012	2679482
239	1234973488	1594736985	2679482
238	1234973484	1594736965	2679482
237	1234973461	1594736894	2679482
236	1234973422	1594736848	2679482
235	1234973419	1594736814	2679482
234	1234973145	1594735621	2679482
233	1234973002	1594735114	2679482
232	1215172212	1593255182	2679482
231	1215171422	1593251186	2679482
230	1215035469	1592722382	2679482
229	1215035371	1592721820	2679482
228	1215035364	1592721774	2679482
227	1215035090	1592720627	2679482
226	1215035026	1592720218	2679482
225	1215035006	1592720094	2679482
224	1215034996	1592720034	2679482
223	1215034913	1592719702	2679482
222	1215034754	1592718873	2679482
221	1215033899	1592714782	2679482
220	1201830218	1592049934	2679482
219	1201796378	1592049333	2679482
218	1201606854	1592042750	2679482
217	1201604803	1592042721	2679482
216	1201602827	1592042627	2679482
215	1201349180	1592033335	2679482
214	1191802675	1591419571	2679482
213	1191802539	1591419146	2679482
212	1191802244	1591418087	2679482
211	1191802128	1591417922	2679482
210	1191802078	1591417802	2679482
209	1085023811	1589288662	2679482
208	1084250262	1588420052	2679482
207	1084250041	1588419291	2679482
206	1084250030	1588419258	2679482
205	1084249983	1588419038	2679482
204	1084249816	1588418570	2679482
203	1084249552	1588417675	2679482
202	1084249536	1588417633	2679482
201	1084248954	1588415465	2679482
200	1075355416	1588004060	2679482
199	1075355223	1588003188	2679482
198	1075354998	1588002512	2679482
197	1075351897	1587994823	2679482
196	1075350758	1587991603	2679482
195	1075231228	1587655044	2679482
194	1075231113	1587654638	2679482
193	1075230669	1587653726	2679482
192	1075230393	1587653009	2679482
191	1075230132	1587652141	2679482
190	1075228629	1587646795	2679482
189	1075227409	1587642515	2679482
188	1073116765	1586349330	2679482
187	1073081285	1586252470	2679482
186	1073016411	1586074806	2679482
185	1073003094	1586016792	2679482
184	1073000357	1586008855	2679482
183	1073000300	1586008708	2679482
182	1073000249	1586008634	2679482
181	1073000239	1586008601	2679482
180	1073000162	1586008524	2679482
179	1072999506	1586006992	2679482
178	1072999494	1586006945	2679482
177	1072999455	1586006923	2679482
176	1072998322	1586003828	2679482
175	1072997233	1586000921	2679482
174	1050904010	1584979405	2679482
173	1050903073	1584977239	2679482
172	1050903061	1584977216	2679482
171	1034637242	1581093554	2679482
170	1034637225	1581093480	2679482
169	1034637218	1581093445	2679482
168	1034496821	1580662074	2679482
167	1034463131	1580542299	2679482
166	1034271857	1580321234	2679482
165	1034269804	1580314209	2679482
164	1034268817	1580310952	2679482
163	1034268605	1580310180	2679482
162	1034268603	1580310146	2679482
161	1034268593	1580310116	2679482
160	1034268581	1580310029	2679482
159	1034268560	1580309924	2679482
158	1034268549	1580309857	2679482
157	1034268525	1580309727	2679482
156	1034268516	1580309666	2679482
155	1034268501	1580309569	2679482
154	1034268479	1580309460	2679482
153	1034268474	1580309436	2679482
152	1034267629	1580306384	2679482
151	1034267390	1580305522	2679482
150	1034267335	1580305259	2679482
149	1034027870	1579492994	2679482
148	1034027723	1579492451	2679482
147	1034027670	1579492235	2679482
146	1034027447	1579491172	2679482
145	1033769402	1578560548	2679482
144	1033733814	1578400656	2679482
143	1033733639	1578399461	2679482
142	1033718612	1578324260	2679482
141	1033717969	1578321109	2679482
140	1033717942	1578321013	2679482
139	1033717700	1578320428	2679482
138	1033717540	1578319636	2679482
137	1033717510	1578319433	2679482
136	1033704437	1578245121	2679482
135	1033704389	1578244893	2679482
134	1033704372	1578244624	2679482
133	1033704157	1578243476	2679482
132	1033703872	1578241759	2679482
131	1033703831	1578241559	2679482
130	1033703808	1578241405	2679482
129	1033703482	1578239484	2679482
128	1033703252	1578238681	2679482
127	1033703145	1578238450	2679482
126	1033702803	1578236709	2679482
125	1033702712	1578236292	2679482
124	1033702646	1578236228	2679482
123	1033678339	1578132112	2679482
122	1033678068	1578131134	2679482
121	1033677991	1578131018	2679482
120	1033677979	1578130948	2679482
119	1033590252	1577805360	2679482
118	1033327421	1576855497	2679482
117	1033327395	1576855351	2679482
116	1033325390	1576844081	2679482
115	1033324937	1576840657	2679482
114	1033324824	1576840080	2679482
113	1033324476	1576838503	2679482
112	1033324468	1576838433	2679482
111	1033324249	1576837199	2679482
110	1033324246	1576837173	2679482
109	1001004754	1575607609	2679482
108	1000994776	1575607300	2679482
107	1000994771	1575607241	2679482
106	1000994720	1575607183	2679482
105	1000994636	1575607101	2679482
104	1000994487	1575606910	2679482
103	1000911456	1575605285	2679482
102	1000911419	1575605249	2679482
101	1000797232	1575601996	2679482
100	1000795050	1575601956	2679482
99	997220303	1575552122	2679482
98	997206701	1575552047	2679482
97	997182678	1575551921	2679482
96	994454268	1575462735	2679482
95	994454222	1575462344	2679482
94	994454107	1575461539	2679482
93	994452219	1575452437	2679482
92	987080172	1575001308	2679482
91	987072751	1574955047	2679482
90	986327991	1574402957	2679482
89	986284473	1574399363	2679482
88	985612069	1574063142	2679482
87	985538834	1574060857	2679482
86	985460145	1574058376	2679482
85	985459985	1574058234	2679482
84	985431868	1574057569	2679482
83	985397988	1574056143	2679482
82	979688961	1573292679	2679482
81	979688957	1573292652	2679482
80	979688611	1573291523	2679482
79	979688569	1573291391	2679482
78	979687776	1573288937	2679482
77	979687676	1573288302	2679482
76	979687664	1573288189	2679482
75	979687663	1573288170	2679482
74	979687614	1573288082	2679482
73	979687608	1573288049	2679482
72	979687600	1573288007	2679482
71	979687598	1573287988	2679482
70	979687585	1573287939	2679482
69	979687357	1573286812	2679482
68	978953043	1573197489	2679482
67	978952810	1573197154	2679482
66	978952759	1573197028	2679482
65	978948036	1573185757	2679482
64	971660379	1572246529	2679482
63	965859223	1570804659	2679482
62	965852485	1570777700	2679482
61	965852169	1570775830	2679482
60	965834935	1570713193	2679482
59	961589520	1570188429	2679482
58	961589480	1570188404	2679482
57	961589456	1570188377	2679482
56	961589444	1570188311	2679482
55	961589428	1570188182	2679482
54	961589397	1570187931	2679482
53	961589384	1570187822	2679482
52	881012786	1562415832	2679482
51	881012661	1562415276	2679482
50	880424225	1562250177	2679482
49	835061755	1557458449	2679482
48	800661001	1555909791	2679482
47	800656812	1555909738	2679482
46	800510038	1555907561	2679482
45	710780406	1553947026	2679482
44	707184846	1553832356	2679482
43	693579982	1553501252	2679482
42	693571536	1553501139	2679482
41	693561750	1553500970	2679482
40	693549736	1553500834	2679482
39	683724605	1553247509	2679482
38	683348660	1552894473	2679482
37	683348327	1552893265	2679482
36	683344565	1552884587	2679482
35	683344552	1552884534	2679482
34	683344493	1552884410	2679482
33	683343411	1552881913	2679482
32	683342335	1552880071	2679482
31	683325754	1552836421	2679482
30	683325746	1552836384	2679482
29	683325702	1552836276	2679482
28	683283401	1552739394	2679482
27	683283093	1552738662	2679482
26	683282479	1552737222	2679482
25	683282364	1552736879	2679482
24	645238116	1550485217	2679482
23	645237685	1550484086	2679482
22	645237591	1550483851	2679482
21	641759861	1549866166	2679482
20	641759852	1549866133	2679482
19	641759837	1549866045	2679482
18	641759828	1549865998	2679482
17	641759552	1549864839	2679482
16	641759336	1549863903	2679482
15	641758883	1549862516	2679482
14	641758873	1549862489	2679482
13	641758865	1549862436	2679482
12	641758854	1549862393	2679482
11	641758845	1549862356	2679482
10	641758800	1549862282	2679482
9	641758751	1549862208	2679482
8	641758734	1549862151	2679482
7	641758724	1549862104	2679482
6	641758717	1549862057	2679482
5	641758701	1549862027	2679482
4	641758665	1549861893	2679482
3	641758643	1549861802	2679482
2	641758616	1549861683	2679482
1	641758605	1549861614	2679482
0	641757452	1549858005	2679482
