slug: archive:object-ler
title: "Объект LER-3: Снайпер"
tags: []
35	1357120172	1603443078	4518363
34	1356770473	1602769002	4518363
33	1356769772	1602766813	4518363
32	1048166414	1583677746	4518363
31	1048166382	1583677731	4518363
30	1048166379	1583677711	4518363
29	1034225781	1580154234	2679482
28	1034225676	1580153731	2679482
27	1034225674	1580153702	2679482
26	1033917623	1579094449	4383339
25	1033740381	1578428749	4518363
24	961549755	1570020995	2679482
23	961549724	1570020823	2679482
22	961549696	1570020585	2679482
21	959531896	1569697936	2679482
20	959526457	1569697794	2679482
19	899723482	1565016388	3477739
18	895412521	1564505620	4518363
17	801997948	1556029664	1767012
16	649797181	1550677036	4473061
15	641839410	1550087900	3820690
14	641839249	1550087472	3820690
13	641839212	1550087314	3820690
12	641839081	1550086849	3820690
11	641839041	1550086679	3820690
10	641836683	1550078734	3820690
9	641798997	1549968986	4473061
8	641792623	1549950302	2679482
7	641792606	1549950222	2679482
6	641772937	1549902417	2679482
5	641761302	1549870706	2679482
4	641760739	1549869114	2679482
3	641760509	1549868256	2679482
2	641760497	1549868215	2679482
1	641760059	1549866852	2679482
0	641759885	1549866285	2679482
