slug: archive:object-pun
title: "Объект PUN-3: Бич Божий"
tags: []
23	1357120189	1603443169	4518363
22	1314180197	1598117496	4518363
21	1048166615	1583678510	4518363
20	1048166609	1583678495	4518363
19	1048166605	1583678477	4518363
18	1033740399	1578428865	4518363
17	899723709	1565016752	3477739
16	384680056	1542209234	4473061
15	221645384	1539949182	4739446
14	221643957	1539949155	4739446
13	218174378	1539898634	4739446
12	218042329	1539896350	4473061
11	218028636	1539895882	4739446
10	218026640	1539895773	4739446
9	217660854	1539891649	4739446
8	217567709	1539890795	4739446
7	217528890	1539890454	4739446
6	217526104	1539890431	4739446
5	217372709	1539888965	4739446
4	216884844	1539884828	4739446
3	216883565	1539884812	4739446
2	216868885	1539884581	4739446
1	216866093	1539884543	4739446
0	216854754	1539884418	4739446
