slug: draft:guardian-spirit
title: "Черновик лесного духа"
tags: []
445	1544543557	1781026204	4518363
444	1544543518	1781026065	4518363
443	1526543182	1733432298	4518363
442	1526543144	1733431996	4518363
441	1518040137	1707161894	4518363
440	1518040129	1707161876	4518363
439	1510653551	1685549981	4518363
438	1508374275	1678314616	4518363
437	1508287706	1677929257	4518363
436	1508287701	1677929224	4518363
435	1508019351	1677264574	4518363
434	1508013038	1677239919	4518363
433	1507616086	1676136142	4518363
432	1507616072	1676136111	4518363
431	1507615915	1676135660	4518363
430	1507615894	1676135581	4518363
429	1507615863	1676135493	4518363
428	1507615846	1676135433	4518363
427	1507614892	1676134871	4518363
426	1507210232	1675428199	4518363
425	1507210227	1675428184	4518363
424	1507114156	1675175200	4518363
423	1507114151	1675175183	4518363
422	1507114137	1675175155	4518363
421	1479555047	1659646625	4518363
420	1462040044	1655417264	4518363
419	1461003143	1652330328	4518363
418	1461003133	1652330195	4518363
417	1461003131	1652330154	4518363
416	1461003124	1652330072	4518363
415	1460996637	1652298219	4518363
414	1460996599	1652298139	4518363
413	1460929707	1652020802	4518363
412	1460929703	1652020783	4518363
411	1460929699	1652020762	4518363
410	1460929687	1652020727	4518363
409	1460929646	1652020645	4518363
408	1388116748	1641655911	4518363
407	1388116740	1641655864	4518363
406	1365942579	1622127640	4518363
405	1365942386	1622127031	4518363
404	1365924500	1622053936	4518363
403	1365924410	1622053629	4518363
402	1356522918	1602257515	4518363
401	1356289584	1601759155	4518363
400	1356289348	1601758161	4518363
399	1356123730	1601229427	4518363
398	1318514807	1598449088	4518363
397	1318514766	1598448940	4518363
396	1318514724	1598448760	4518363
395	1318514688	1598448622	4518363
394	1318514534	1598448026	4518363
393	1318514518	1598447939	4518363
392	1317697282	1598178311	4518363
391	1317696756	1598178300	4518363
390	1311099683	1596545962	4518363
389	1311099679	1596545950	4518363
388	1281307859	1595674670	4518363
387	1281151408	1595671751	4518363
386	1277487666	1595614789	4518363
385	1277243261	1595609213	4518363
384	1241223235	1594905737	4518363
383	1241222729	1594905727	4518363
382	1235946597	1594756125	4518363
381	1234970246	1594726173	4518363
380	1215253835	1593513632	4518363
379	1215253556	1593512577	4518363
378	1215253548	1593512553	4518363
377	1215253393	1593512302	4518363
376	1186882107	1591121209	4518363
375	1186154688	1591029865	4518363
374	1186154682	1591029841	4518363
373	1186154677	1591029827	4518363
372	1186154612	1591029554	4518363
371	1186133005	1591024142	4518363
370	1186132306	1591024127	4518363
369	1168126559	1590667432	4518363
368	1167821781	1590664488	4518363
367	1140229732	1590433801	4518363
366	1122334648	1590312391	4518363
365	1103747743	1590175198	4518363
364	1103457842	1590172820	4518363
363	1096772186	1590083078	4518363
362	1096505424	1590073250	4518363
361	1096503906	1590069192	4518363
360	1096500632	1590059490	4518363
359	1085272403	1589304632	4518363
358	1085236250	1589303921	4518363
357	1085235622	1589303381	4518363
356	1084762052	1589019376	4518363
355	1084596328	1588973140	4518363
354	1084585995	1588952446	4518363
353	1084585829	1588952366	4518363
352	1084585798	1588952311	4518363
351	1084584612	1588950442	4518363
350	1073477129	1586882502	4518363
349	1073477014	1586882453	4518363
348	1073003872	1586019003	4518363
347	1060802109	1585501827	4518363
346	1060800704	1585501804	4518363
345	1048188012	1583746209	4518363
344	1035156887	1581616489	4518363
343	1035156866	1581616406	4518363
342	1035156829	1581616264	4518363
341	1035156610	1581615503	4518363
340	1035156603	1581615464	4518363
339	1035156520	1581615089	4518363
338	1035156515	1581615075	4518363
337	1035156510	1581615062	4518363
336	1035156503	1581615031	4518363
335	1035154782	1581608587	4518363
334	1035154711	1581608403	4518363
333	1035124399	1581508834	4518363
332	1035124391	1581508794	4518363
331	1035124375	1581508625	4518363
330	1035123957	1581506558	4518363
329	1035123666	1581504561	4518363
328	1034641713	1581108947	4518363
327	1034640054	1581103208	4518363
326	1034475039	1580584553	4518363
325	1034474831	1580583745	4518363
324	1034450614	1580500634	4518363
323	1034450572	1580500455	5219975
322	1034450342	1580499893	4518363
321	1034450177	1580499259	4518363
320	1034450154	1580499130	4518363
319	1034449595	1580497480	4518363
318	1034449302	1580496667	4518363
317	1034449091	1580495788	4518363
316	1034449083	1580495744	4518363
315	1034449000	1580495346	4518363
314	1034448983	1580495277	4518363
313	1034447005	1580488983	4518363
312	1034249166	1580237091	4518363
311	1034248967	1580235928	4518363
310	1034248958	1580235889	4518363
309	1034248950	1580235846	4518363
308	1034248928	1580235756	4518363
307	1034248801	1580235436	4518363
306	1034248700	1580234949	4518363
305	1034248651	1580234665	4518363
304	1034248649	1580234645	4518363
303	1034248645	1580234635	4518363
302	1034248642	1580234627	4518363
301	1034248614	1580234384	4518363
300	1034248606	1580234295	4518363
299	1034248601	1580234274	4518363
298	1034078210	1579636717	4518363
297	1034078205	1579636693	4518363
296	1034078195	1579636657	4518363
295	1034078188	1579636608	4518363
294	1034078059	1579636300	4518363
293	1034078055	1579636285	4518363
292	1034078046	1579636268	4518363
291	1033995692	1579374900	4518363
290	1033995688	1579374886	4518363
289	1033995458	1579374163	4518363
288	1033995448	1579374127	4518363
287	1033995440	1579374078	4518363
286	1033995357	1579373806	4518363
285	1033995354	1579373770	4518363
284	1033995149	1579373159	4518363
283	1033995126	1579373063	4518363
282	1033995052	1579372652	4518363
281	1033994958	1579372524	4518363
280	1033994942	1579372459	4518363
279	1033994525	1579370399	4518363
278	1033994501	1579370201	4518363
277	1033994415	1579370160	4518363
276	1033991965	1579359377	4518363
275	1033988744	1579343325	4518363
274	1033988522	1579341501	4518363
273	1033987608	1579337776	4518363
272	1033987593	1579337687	4518363
271	1033987580	1579337600	4518363
270	1033987145	1579336054	4518363
269	1033964620	1579289825	4518363
268	1033942053	1579195876	4518363
267	1033940733	1579192536	4518363
266	1033940716	1579192442	4518363
265	1033940677	1579192262	4518363
264	1033940595	1579191905	4518363
263	1033940573	1579191793	4518363
262	1033940554	1579191674	4518363
261	1033940491	1579191477	4518363
260	1033940459	1579191285	4518363
259	1033940446	1579191205	4518363
258	1033940444	1579191189	4518363
257	1033940433	1579191099	4518363
256	1033845955	1578775258	4518363
255	1033845932	1578775151	4518363
254	1033845447	1578773346	4518363
253	1033759764	1578511171	4518363
252	1033759711	1578510866	4518363
251	1033758117	1578504433	4518363
250	1033758076	1578504192	4518363
249	1033739556	1578423930	4518363
248	1033738970	1578421360	4518363
247	1033703752	1578241126	4518363
246	1033703442	1578239265	4518363
245	1033703148	1578238478	4518363
244	1033701219	1578230801	4518363
243	1033701197	1578230544	4518363
242	1033699995	1578224221	4518363
241	1033682648	1578146638	4518363
240	1033645712	1577992704	4518363
239	1033645694	1577992598	4518363
238	1033645652	1577992451	4518363
237	1033645554	1577991839	4518363
236	1033636628	1577959649	4518363
235	1033525948	1577534110	4518363
234	1033525915	1577533755	4518363
233	1033525678	1577532019	4518363
232	1033525674	1577531984	4518363
231	1033525615	1577531622	4518363
230	1033525610	1577531593	4518363
229	1033525606	1577531554	4518363
228	1033525549	1577531234	4518363
227	1033525542	1577531096	4518363
226	1033525520	1577530806	4518363
225	1033525514	1577530782	4518363
224	1033525427	1577530669	4518363
223	1033525415	1577530577	4518363
222	1033525412	1577530531	4518363
221	1033525407	1577530478	4518363
220	1033525396	1577530358	4518363
219	1033525385	1577530226	4518363
218	1033525022	1577528738	4518363
217	1033525013	1577528673	4518363
216	1033525000	1577528617	4518363
215	1033524972	1577528422	4518363
214	1033524961	1577528373	4518363
213	1033524938	1577528206	4518363
212	1033524934	1577528164	4518363
211	1033524597	1577527295	4518363
210	1033524534	1577527076	4518363
209	1033524518	1577526996	4518363
208	1033524252	1577526142	4518363
207	1033524248	1577526123	4518363
206	1033523343	1577522681	4518363
205	1033523337	1577522652	4518363
204	1033523314	1577522555	4518363
203	1033523302	1577522503	4518363
202	1033513802	1577475169	4518363
201	1033513763	1577474979	4518363
200	1033513703	1577474744	4518363
199	1033513700	1577474709	4518363
198	1033513645	1577474234	4518363
197	1033513638	1577474188	4518363
196	1033513542	1577473631	4518363
195	1033513502	1577473537	4518363
194	1033513486	1577473424	4518363
193	1033513332	1577472816	4518363
192	1033513270	1577472447	4518363
191	1033513245	1577472265	4518363
190	1033513232	1577472223	4518363
189	1033513222	1577472173	4518363
188	1033513211	1577472114	4518363
187	1033513205	1577472063	4518363
186	1033513114	1577471688	4518363
185	1033513109	1577471647	4518363
184	1033512901	1577470694	4518363
183	1033512895	1577470672	4518363
182	1033512846	1577470394	4518363
181	1033512842	1577470380	4518363
180	985900955	1574104191	4518363
179	985889315	1574077334	4518363
178	980076160	1573403920	4518363
177	980075901	1573402657	4518363
176	980075756	1573402366	4518363
175	980075667	1573402063	4518363
174	978921080	1573059726	4518363
173	978921036	1573059528	4518363
172	978921029	1573059508	4518363
171	978921007	1573059399	4518363
170	978920952	1573059118	4518363
169	978920950	1573059103	4518363
168	978920889	1573058989	4518363
167	978920875	1573058922	4518363
166	970229166	1571583858	4518363
165	970229132	1571583827	4518363
164	968723707	1571426603	4518363
163	960145590	1569780769	4518363
162	960144343	1569780726	4518363
161	959553993	1569700308	4518363
160	959553963	1569700248	4518363
159	948659881	1568457481	4518363
158	947344058	1568307775	4518363
157	947341884	1568307519	4518363
156	935875556	1567616816	4518363
155	935737641	1567614085	4518363
154	909924218	1567077980	4518363
153	904444954	1566036250	4518363
152	904416039	1565959268	4518363
151	904415319	1565958063	4518363
150	904368376	1565884828	4518363
149	904366932	1565879333	4518363
148	904366535	1565877807	4518363
147	904361148	1565864523	4518363
146	904360950	1565864322	4518363
145	904360887	1565864283	4518363
144	904346040	1565809557	4518363
143	904345719	1565808003	4518363
142	904345716	1565807972	4518363
141	904345658	1565807946	4518363
140	904345656	1565807925	4518363
139	904345651	1565807874	4518363
138	904345647	1565807847	4518363
137	904345640	1565807805	4518363
136	904345367	1565806248	4518363
135	904345328	1565806162	4518363
134	904345326	1565806142	4518363
133	904345322	1565806080	4518363
132	904345278	1565805683	4518363
131	904345274	1565805645	4518363
130	904345258	1565805580	4518363
129	904345252	1565805538	4518363
128	904345194	1565805425	4518363
127	904131992	1565787262	4518363
126	904131986	1565787227	4518363
125	904131898	1565787042	4518363
124	904121950	1565785626	4518363
123	902101079	1565636796	4518363
122	902097090	1565636606	4518363
121	901582730	1565554185	4518363
120	901582674	1565553948	4518363
119	900896713	1565258792	4518363
118	900896668	1565258726	4518363
117	900250180	1565110791	4518363
116	900249404	1565110716	4518363
115	899722905	1565015646	4518363
114	899689330	1565014383	4518363
113	899465343	1565004409	4518363
112	898976693	1564779179	4518363
111	898975451	1564773580	4518363
110	898974843	1564771737	4518363
109	895400533	1564504425	4518363
108	895392985	1564501686	4518363
107	893005725	1564065850	4518363
106	892916691	1563996234	4518363
105	892775506	1563859247	4518363
104	892775471	1563859196	4518363
103	892767090	1563825720	4518363
102	892767075	1563825679	4518363
101	892767073	1563825650	4518363
100	892767054	1563825515	4518363
99	892765282	1563817783	4518363
98	892765280	1563817771	4518363
97	892765273	1563817717	4518363
96	892765056	1563816875	4518363
95	892765054	1563816861	4518363
94	892765045	1563816839	4518363
93	892765000	1563816667	4518363
92	892764917	1563816072	4518363
91	892764915	1563816049	4518363
90	892764909	1563815989	4518363
89	892764906	1563815972	4518363
88	892764805	1563815607	4518363
87	892764804	1563815585	4518363
86	892764673	1563815024	4518363
85	892763939	1563812453	4518363
84	892740935	1563808160	4518363
83	892740933	1563808136	4518363
82	892740930	1563808121	4518363
81	892723152	1563732917	4518363
80	892723099	1563732738	4518363
79	892722073	1563727490	4518363
78	892722063	1563727437	4518363
77	892722051	1563727336	4518363
76	892722046	1563727313	4518363
75	892722045	1563727298	4518363
74	892722012	1563727240	4518363
73	892721833	1563726223	4518363
72	892721020	1563721365	4518363
71	892717195	1563708353	4518363
70	892715696	1563703235	3477739
69	892715550	1563702955	3477739
68	892715284	1563702137	4518363
67	892715265	1563702079	4518363
66	892715260	1563702063	4518363
65	892714786	1563701864	4518363
64	892656021	1563649564	4518363
63	892655872	1563648883	4518363
62	892655870	1563648870	4518363
61	892652233	1563631381	4518363
60	892649291	1563620796	4518363
59	892637384	1563573618	4518363
58	892637055	1563571830	4518363
57	892637041	1563571786	4518363
56	892635847	1563566872	4518363
55	892634367	1563561008	4518363
54	892633433	1563557479	4518363
53	892633431	1563557463	4518363
52	892632009	1563553126	4518363
51	892631523	1563552093	4518363
50	892604744	1563471759	4518363
49	892580605	1563391405	4518363
48	892580576	1563391204	4518363
47	892580573	1563391183	4518363
46	892580568	1563391147	4518363
45	892580500	1563390888	4518363
44	892521475	1563275632	4518363
43	891637172	1563218053	4518363
42	891636511	1563218029	4518363
41	881302377	1562768946	4518363
40	881302346	1562768854	4518363
39	881302292	1562768717	4518363
38	881302257	1562768686	4518363
37	881302234	1562768594	4518363
36	881302229	1562768560	4518363
35	881302224	1562768534	4518363
34	881302213	1562768508	4518363
33	881302206	1562768476	4518363
32	881302044	1562767763	4518363
31	881302037	1562767724	4518363
30	881301880	1562766910	4518363
29	881301711	1562765939	4518363
28	881301708	1562765914	4518363
27	881301706	1562765897	4518363
26	881301704	1562765884	4518363
25	871259256	1561577303	4518363
24	871186782	1561575817	4518363
23	853399152	1560788258	4518363
22	852663270	1560761577	4518363
21	852663256	1560761508	4518363
20	852553348	1560722755	4518363
19	852552918	1560720465	4518363
18	852552424	1560717871	4518363
17	852552005	1560716164	4518363
16	852551128	1560712938	4518363
15	847974760	1560421549	4518363
14	847974753	1560421501	4518363
13	847974735	1560421354	4518363
12	847973439	1560416158	4518363
11	847960436	1560359644	4518363
10	847960392	1560359620	4518363
9	847959202	1560354082	4518363
8	847958703	1560351685	4518363
7	847859784	1560113276	4518363
6	847797600	1559812648	4518363
5	847768885	1559682140	4518363
4	847768879	1559682112	4518363
3	847761691	1559653166	5404042
2	847761686	1559653148	5404042
1	847757802	1559636437	4518363
0	847757787	1559636384	4518363
