slug: archive:object-peg
title: "Объект PEG-3: Объятья холода"
tags: []
17	1357120185	1603443150	4518363
16	1356769747	1602766738	4518363
15	1048172193	1583696479	4518363
14	1048166974	1583679599	4518363
13	1048166966	1583679586	4518363
12	1048166962	1583679568	4518363
11	1048166954	1583679543	4518363
10	1034537492	1580801387	5219975
9	1034537343	1580800967	5219975
8	1033919089	1579101438	4383339
7	904132192	1565787902	4518363
6	899723959	1565017137	3477739
5	896647970	1564641834	5551811
4	880515501	1562273672	5219975
3	880463117	1562266772	5219975
2	880427182	1562263550	1767012
1	880427024	1562262930	5219975
0	880427015	1562262861	5219975
