slug: archive:object-029
title: "Объект №: 29 - Протянуть руку помощи"
tags: []
30	1357093682	1603383166	4518363
29	961577136	1570129550	4518363
28	961577122	1570129513	4518363
27	961573644	1570115667	4518363
26	901579932	1565543669	4518363
25	901579918	1565543633	4518363
24	900885780	1565218111	4518363
23	899723746	1565016869	3477739
22	896815098	1564649037	5551811
21	892764900	1563815901	4518363
20	892637422	1563573873	4518363
19	834986313	1557338599	4518363
18	834986286	1557338575	4518363
17	808027409	1556807656	4518363
16	688985780	1553404715	4518363
15	688985714	1553404557	4518363
14	686937268	1553352927	4518363
13	686929220	1553352781	4518363
12	686926464	1553352679	4518363
11	686926295	1553352653	4518363
10	686899117	1553352197	4518363
9	686844293	1553350315	4518363
8	686646418	1553346841	4518363
7	686534022	1553345288	4518363
6	686426425	1553343214	4518363
5	686025840	1553336583	4518363
4	685969863	1553335906	4518363
3	685968738	1553335884	4518363
2	683830684	1553284199	4518363
1	683830600	1553283686	4518363
0	683788246	1553278441	4518363
