slug: archive:object-lag
title: "Объект LAG-0: Пчеловеки"
tags: []
25	1357120187	1603443156	4518363
24	1356769689	1602766674	4518363
23	1048167462	1583681122	4518363
22	1048167459	1583681111	4518363
21	1048167451	1583681096	4518363
20	1048167441	1583681067	4518363
19	1048167428	1583681030	4518363
18	1034495767	1580659051	4383339
17	1033919635	1579105217	4383339
16	1033740590	1578429911	4518363
15	904132123	1565787627	4518363
14	899724246	1565017519	3477739
13	836368670	1557836337	1767012
12	836368019	1557836319	1767012
11	834984575	1557336820	1767012
10	834984572	1557336806	1767012
9	834931063	1557220926	1767012
8	834931048	1557220878	1767012
7	834931045	1557220864	1767012
6	834930068	1557217992	1767012
5	834929021	1557214519	1767012
4	834927172	1557210768	1767012
3	801977462	1556014589	1767012
2	801977453	1556014549	1767012
1	801977419	1556014498	1767012
0	801977416	1556014487	1767012
