slug: archive:object-num
title: "Объект NUM-3: Лайфхак"
tags: []
14	1357093582	1603382967	4518363
13	1356770405	1602768896	4518363
12	1048167590	1583681579	4518363
11	1048167584	1583681558	4518363
10	1048167579	1583681550	4518363
9	1048167576	1583681539	4518363
8	1034495812	1580659096	4383339
7	904132144	1565787710	4518363
6	899724301	1565017679	3477739
5	899720878	1565015099	4518363
4	899719966	1565015080	4518363
3	898975823	1564775269	5551811
2	801981689	1556023784	1767012
1	801981674	1556023751	1767012
0	801981641	1556023698	1767012
