slug: archive:object-021
title: "Объект №: 21 - Торт-Телепат"
tags: []
31	1357093593	1603383036	4518363
30	1033918464	1579098582	4518363
29	1033740425	1578429069	4518363
28	899723717	1565016798	3477739
27	896809618	1564648753	5551811
26	896341347	1564610643	5551811
25	896341320	1564610447	5551811
24	805555339	1556482904	4532219
23	805553659	1556478886	4532219
22	805328211	1556468976	4532219
21	805328024	1556468437	4532219
20	805327961	1556468286	4532219
19	804623655	1556400526	4473061
18	439081594	1543574196	4532219
17	438491950	1543563721	4532219
16	438367281	1543561857	4532219
15	436873418	1543509047	4532219
14	436873117	1543508533	4532219
13	436872936	1543508266	4532219
12	436872910	1543508187	4532219
11	436872845	1543507922	4532219
10	436872833	1543507868	4532219
9	436872813	1543507804	4532219
8	436872785	1543507682	4532219
7	436872559	1543507146	4532219
6	436872516	1543506989	4532219
5	436872264	1543506486	4532219
4	436871957	1543505874	4532219
3	436871952	1543505855	4532219
2	436871798	1543505414	4532219
1	436871397	1543504239	4532219
0	436871352	1543504172	4532219
