slug: archive:object-sof
title: "Объект SOF-3: Будет ласковый дождь"
tags: []
35	1357120175	1603443101	4518363
34	1356770380	1602768828	4518363
33	1048167750	1583682071	4518363
32	1048167743	1583682054	4518363
31	1048167736	1583682039	4518363
30	1048167729	1583682002	4518363
29	1033937278	1579180635	4518363
28	961576223	1570126120	4518363
27	904132180	1565787866	4518363
26	904130735	1565785949	4518363
25	903802253	1565774721	3477739
24	903792819	1565774474	3477739
23	903711325	1565772164	3477739
22	903709952	1565772140	3477739
21	903689109	1565771526	3477739
20	903683027	1565771374	3477739
19	903660395	1565770975	3477739
18	903657611	1565770854	3477739
17	903654720	1565770749	3477739
16	903642653	1565770418	3477739
15	903637221	1565770324	3477739
14	903617468	1565770061	3477739
13	903608633	1565769934	3477739
12	903607257	1565769916	3477739
11	901992466	1565632302	3477739
10	901991158	1565632258	3477739
9	899822791	1565023168	3477739
8	899724346	1565017736	3477739
7	846947686	1558357188	3477739
6	846947521	1558356883	3477739
5	844822936	1558023785	3477739
4	844814577	1558003194	3477739
3	844813785	1557999757	3477739
2	844813754	1557999668	3477739
1	844813722	1557999626	3477739
0	844813617	1557999223	3477739
